[ 0.91603536  3.13233601 -1.14004416]
[ 3.18444852  2.79309306 -1.70392157]
[-7.48283981  8.75558841 -1.84621849]
[12.34066063  9.15554265 -1.38627451]
[12.40596927  9.13832791  1.00235294]
[12.4210494  10.13294958 -1.24705882]
[ 1.82953822  4.12556551 -1.36470588]
[ 2.09636254  3.07054352 -2.09411765]
[11.82458658  6.7514974  -2.04705882]
[11.84598997 10.44456295 -2.        ]
[12.22695527  8.17975653 -2.07058824]
[12.44523546  7.84453435 -2.09411765]
[12.48013038  8.17414401 -1.34117647]
[12.47568021 10.52590896 -1.27058824]
