[ 1.12898868  3.09254396 -1.13492271]
[11.90327602 11.94994409 -2.0627451 ]
[11.49939783  9.15637138 -2.10859729]
[ 1.85616067  4.18991692 -1.2745098 ]
[10.90960261 12.46585014 -2.01568627]
[10.67422196 10.23910159 -2.11764706]
[-1.8233842  -2.21957059 -0.82352941]
[ 0.14899744 -4.55039262 -1.17647059]
[ 2.22057226 -2.45592779 -1.27058824]
[ 8.45353799 11.82025771 -2.09411765]
[ 9.20425496 11.25494361 -2.11764706]
[11.32579966  6.52362179 -2.11764706]
[12.12411488  5.1789034  -2.07058824]
[12.14646323  5.52264542 -2.09411765]
