[-4.6178937   8.10349825 -0.76241764]
[ 1.12384798  3.10054515 -1.19683461]
[-12.21286782   7.2448819   -0.48263989]
[-12.25822571   5.53497828  -0.74751131]
[ 1.78805139  9.86131521 -1.34509804]
[-11.49659904   7.02659292  -0.43529412]
[-1.44073335 11.10984151 -1.11764706]
[ 2.23184373 11.33181584 -0.40588235]
[-0.7421274   9.81134463 -0.36764706]
[-8.30603234  8.00415726  0.31372549]
[-8.13044883  9.03245059 -1.80784314]
[-7.18335754  9.34041185  0.29019608]
[-5.70929546  8.62873343 -1.69019608]
[-10.93819484   6.96445469  -0.26666667]
[-11.30272842   7.71146133  -1.21960784]
[ 1.72494955 10.84631167 -0.51294118]
[-8.31594673  7.20138398 -0.18823529]
[-11.38356224   6.45070764   0.77058824]
[-3.29993807  9.63837816  0.28823529]
[-3.80832593  9.74594572 -1.94117647]
[-2.09470766  9.68147073 -1.91176471]
[ 1.85554435 10.47378193 -1.77647059]
[-10.90754117   5.58100017   0.83529412]
[-7.62466658  8.63874101 -0.55882353]
[-7.7885571   8.16345893 -0.44117647]
[-9.93766802  7.34347866 -0.51764706]
[-9.33777358  7.23509064 -1.92352941]
[-8.05638633  9.24160291 -0.76470588]
[-8.81576112  7.7135912   0.37647059]
[-0.25529631 10.95342812 -0.04705882]
[-5.58143345  9.05617723 -1.06666667]
[-8.04218879  8.3211969  -1.37254902]
[-3.30912935 10.59256113 -1.92156863]
[-5.55634038  7.09685539 -1.96078431]
[-11.79574092   7.52636238  -1.12941176]
[-1.54171426  9.57752754 -1.44313725]
[ 0.84985307  9.74287672 -0.71372549]
[-12.11564806   6.61538199  -1.12941176]
[-1.89282535 12.36830659 -0.85490196]
[ 2.51591796 11.76629649 -0.45882353]
[-1.01952041e-01  1.22271565e+01 -1.17647059e-02]
[-1.0421684   9.58981395 -2.03529412]
[-7.87746009  7.72503377 -2.04705882]
[-6.71328256  9.9729974  -1.29411765]
[-7.82301461  7.37751595 -1.2       ]
[-7.82166842  8.06961915 -1.88235294]
[-0.62630207 11.17823934 -1.24705882]
[-1.29975246 10.38683475 -1.75294118]
[ 3.3142574  10.55859294  0.22352941]
[-1.52716595  9.68933835 -1.84705882]
[ 1.96591021  4.29908585 -1.56470588]
[-8.54031913  7.93528948 -1.04705882]
[-6.42801171  7.88280492 -1.43529412]
[-6.17441107  7.61653486  0.52941176]
[-6.08584785  8.94251272 -0.37647059]
[ 1.86540133 10.87449934 -1.83529412]
[-5.62607483  8.79048604 -0.58823529]
[ 0.52061605 12.47470832 -0.56470588]
[-5.58943537  9.627133    0.17647059]
[-1.92051657  9.01137623 -0.65882353]
[-5.15265559  6.54898295 -2.05882353]
[-5.06096992  7.71226097 -1.8       ]
[-2.37662488 10.24197208  0.12941176]
[-3.67698206  9.83267716 -0.25882353]
[-3.57463099  9.23744035 -1.48235294]
[-3.4859605   8.55912208  0.41176471]
[-2.93747486  8.10802399  0.45882353]
[-6.39890366  8.26408837  0.29411765]
[-11.57427661   8.46606341   0.75294118]
[-11.52438529   6.4000584   -1.52941176]
[-11.24938084   7.50148839  -0.67058824]
[-11.5614721    7.47725234  -0.03529412]
[-11.69133285   4.80397368   0.44705882]
[-10.9127893    5.5906931   -0.36470588]
[-11.80836211   7.44969584   0.30588235]
[-10.80282404   8.27385536  -0.15294118]
[-12.06062435   7.05919154   0.72941176]
[-12.20226429   7.86280981   0.63529412]
[-12.20005849   8.58685776  -1.27058824]
[-12.31030907   8.49834236  -0.16470588]
[-8.99898129  7.76137964 -0.18823529]
[-12.42016073   7.35164247   0.36470588]
[ 3.71206543  9.83552736 -0.70588235]
[-8.62249826  8.25244746 -1.92941176]
[-11.94555911   7.40067952  -0.23529412]
[-1.37929957 10.27896738 -1.2       ]
[-1.45202957  8.47146527 -0.16470588]
[-11.85171448   6.89829573  -1.05882353]
[ 2.17587681 12.22410838 -1.52941176]
[-11.80430881   6.29640438  -1.95294118]
[-1.700055   11.82878933  0.14117647]
[ 2.27608637 10.84406102 -0.54117647]
[-1.77437211 10.57825837 -0.56470588]
[-11.7958899    7.37933184   0.8       ]
[-1.97219307 11.77660934 -0.37647059]
[-2.09817665  9.30302125 -1.78823529]
[-12.50500754   8.13068719   0.23529412]
[-2.27435492 10.55437543 -1.74117647]
[-11.65404437   6.24762432  -1.2       ]
[-2.87359055 10.52432911 -0.32941176]
[-2.87371949 10.0718249  -0.23529412]
[-12.50195663   7.52482219  -0.11764706]
[ 3.64458954 11.27872392 -0.63529412]
[-11.57208382   7.7767952   -0.21176471]
[-3.40226978  9.62058005 -1.64705882]
[-3.45003243 10.27491694 -0.02352941]
[-3.55332985  9.38097968 -2.02352941]
[-11.75488294   5.4049715    0.42352941]
[ 1.87880321  4.16902401 -1.22352941]
[-12.39887049   6.95476864   1.01176471]
[-12.39455534   7.80201307  -0.07058824]
[ 1.92251073 10.24664445 -1.12941176]
[ 1.651304    9.47592285 -1.74117647]
[ 1.59475134 10.74945982 -0.87058824]
[-12.32640104   5.11965786   0.61176471]
[ 1.35125201 10.77136184 -1.71764706]
[-12.3021956    5.17383704  -2.02352941]
[ 0.69540288 10.7287758  -1.27058824]
[ 0.57898444 10.67840156 -1.85882353]
[-12.44802665   6.53002559   0.70588235]
[-1.3042613   9.28009954 -2.14117647]
[0.14838232 9.35008128 0.87058824]
[-0.07011804 12.14827919 -0.51764706]
[ 2.04531196  3.4259577  -1.90588235]
[-12.17223026   7.49405873   0.68235294]
[-0.6704322  11.99993347 -1.10588235]
[-12.12912133   5.40188358  -1.83529412]
[-0.70254659 10.87134344 -0.18823529]
[-0.8793575  10.59849732 -0.07058824]
[-0.95313409 10.44506282 -0.44705882]
[-12.12817915   6.37042846  -1.78823529]
[-1.02455993 10.09641461 -2.        ]
[-12.02529236   5.62391717   0.42352941]
[-1.29643565  9.8784975  -1.71764706]
[ 0.32784789 11.3217362  -1.2       ]
[-7.20344454  6.40289097 -1.90588235]
[-7.22201565  7.54708152 -2.04705882]
[-7.27837072  9.64684401 -0.94117647]
[-7.31912436  9.6728257  -1.6       ]
[-7.34675686  9.77596283  0.04705882]
[-10.35282883   7.82997818  -1.78823529]
[-7.37550904  6.77646716 -2.07058824]
[-7.45563664  8.89932729  0.68235294]
[-7.4979226   8.30291794 -2.        ]
[-7.55261163  7.67885965 -1.78823529]
[-7.65246503  6.4255099   0.11764706]
[-10.31993439   7.07487977  -1.85882353]
[-10.27163562   9.04575266   0.21176471]
[-7.82679605  7.20282954 -0.91764706]
[ 3.77863245 11.55349842 -0.63529412]
[-9.77763093  7.39602842 -1.64705882]
[-9.75568208  7.62966376 -0.72941176]
[-7.90445249  7.40314008 -0.54117647]
[-9.52496126  7.52117036  0.21176471]
[-8.07431473  9.0558416   0.18823529]
[-9.36933327  8.49975361 -1.22352941]
[-8.12674556  7.28085086 -0.77647059]
[-8.15558861  6.99761468 -1.12941176]
[-8.22529141  7.54861823 -1.36470588]
[-8.99615503  8.27764196  0.23529412]
[-8.74505074  9.22853073 -1.41176471]
[-8.69958527  8.52420376  0.23529412]
[-8.53038498  7.8556125  -0.07058824]
[-8.59821949  8.82403062 -0.65882353]
[-8.60198772  8.42046437 -0.49411765]
[-7.85154822  9.6505605  -1.64705882]
[-3.54905574  9.11938009 -1.08235294]
[-11.5487071    6.52835495  -0.84705882]
[-11.42546054   7.60415241  -2.07058824]
[-3.7557217   9.55169062 -1.27058824]
[-3.80531075  9.97231311 -1.31764706]
[-3.84505529  9.24582594 -1.38823529]
[-4.0278898  11.71956673 -0.18823529]
[-4.15504045  8.3454219  -0.58823529]
[-4.60203509 10.26996882  0.07058824]
[-4.97221774  9.52923212 -1.08235294]
[-5.00306786  9.49735035  0.49411765]
[-5.05444932  9.82993443 -1.85882353]
[-11.19583014   8.10333338  -1.57647059]
[-11.15526645   7.20401653   0.11764706]
[-7.05276917  9.44994738 -1.29411765]
[-10.95478941   4.87906849   0.56470588]
[-10.92441911   5.23040949   0.4       ]
[-5.69413408  6.71903916 -1.2       ]
[-5.74945037  9.21989141 -0.37647059]
[-5.80328618  9.12393837  0.07058824]
[-5.82541844  7.69937543 -1.15294118]
[-10.89883495   7.3278521   -0.68235294]
[-5.92243927  7.9982783   0.14117647]
[-10.79625346   7.89841892  -1.52941176]
[-6.48058476 10.99662706 -2.09411765]
[-10.50156158   7.47308881   0.32941176]
[-10.48034786   6.85193155  -0.49411765]
[-6.52060633  9.87089109 -1.76470588]
[-10.44515669   8.64605758   0.21176471]
[-6.953172    9.34869646 -0.30588235]
[-11.13092452   6.80189295  -1.97647059]
