[-10.33948792   2.4759555   -0.8907703 ]
[ 1.21334424  3.08212654 -1.14432797]
[-8.85358951  7.12664823 -1.82117647]
[-12.31242337   3.84062031  -0.58961938]
[-11.71465774   3.56444157  -0.25668449]
[-12.27060661  -1.23262851  -1.8379085 ]
[-11.81551286   3.23384717  -0.95686275]
[-12.12830915   1.82801766  -0.45588235]
[-11.63115982  -0.54427322  -1.78352941]
[-12.00381461   7.31537383  -1.39764706]
[-11.48357471   6.01266471  -0.42352941]
[-7.34756438  6.0039638  -1.08235294]
[-11.62407599  -1.6108912   -1.78235294]
[-11.37349819   2.97429141  -1.70196078]
[-11.86854773   0.35925877  -0.38431373]
[-12.124872     2.47541138   0.07843137]
[-10.15323897   5.57802725  -1.81960784]
[-12.24144349   4.43258381  -1.17647059]
[-11.96231106  -0.06351653  -0.8       ]
[-10.22098312   6.48490357  -1.69411765]
[-9.18548915  5.51329962 -1.15294118]
[-11.76277382  -0.95238829  -1.97647059]
[-11.76480295   3.08471541  -1.8       ]
[-11.75181234   0.23287811  -1.34117647]
[-8.65899712  6.36368195 -0.12941176]
[-11.58755154   2.35106407  -0.70588235]
[-8.03436182  6.72507551 -1.85882353]
[-11.46366647   2.34091909  -0.11764706]
[ 3.44126426  3.84922421 -1.6       ]
[-11.33671534   1.85751789  -1.28235294]
[-11.23688175   3.09995344  -2.08235294]
[-11.25804615   0.85162301  -0.90588235]
[-12.33619958   0.23512856  -0.11764706]
[-12.21329092   0.11223602  -1.72941176]
[-10.21236655   6.91765681  -1.4       ]
[-10.14779313   6.47516547  -0.70588235]
[-10.08951696   3.8616258    0.47058824]
[-12.25868879   1.8348332   -1.96470588]
[-10.08596351   4.27911395  -1.84705882]
[-12.07113483   0.81392696  -0.17647059]
[-10.85064973   5.7789508   -1.29411765]
[-10.87677823   2.69789391  -0.68235294]
[-10.02469437   7.37597478  -1.52941176]
[ 1.92515517  4.17931588 -1.6       ]
[-10.75077611   2.67802835  -1.97647059]
[-11.12324456   8.08057543  -1.62352941]
[-11.17345198   2.54536366  -2.07058824]
[-10.00052777   1.37032813  -0.11764706]
[-9.92870833  6.8033375  -1.15294118]
[-9.87161733  1.73079231  0.42352941]
[-10.92278069   0.96954642   0.8       ]
[-10.67309338   5.72325244  -1.64705882]
[-10.65359102   3.24544653   0.25882353]
[-10.65050948   5.50000891  -1.34117647]
[-9.67581105  6.05493289 -1.67058824]
[-10.61958107   3.67588056  -0.94117647]
[-10.14719123   3.92377232  -2.11764706]
[-10.49759834   2.85392291  -1.92941176]
[-10.45317576   4.04995378  -0.18823529]
[-10.4220716    3.62303546  -0.70588235]
[-8.90315787  7.753573   -1.34117647]
[-11.24491777  -1.99593857  -1.57647059]
[-10.24462844   5.47101363  -2.14117647]
[-9.87342715  3.73009704 -1.08235294]
[-12.10159565   1.04555699  -0.63529412]
[-12.15201523   2.9794564   -0.84705882]
[-12.17643419   6.56913887  -1.17647059]
[-12.24450725  -2.45421646   0.37647059]
[-12.29843223  -0.87481043  -0.96470588]
[-12.32157436   7.25143388  -1.78823529]
[-12.32902572   0.67942933  -1.64705882]
[-12.34843553   2.20025429  -0.82352941]
[ 2.32427907  2.76918641 -1.88235294]
[-12.39453887  -0.17732636  -1.12941176]
[-12.42898222  -1.85151566  -1.45882353]
[-12.44641614   5.39435394  -0.51764706]
[-12.4456758    5.17776875  -1.12941176]
[-12.48050245   6.1963068   -1.85882353]
[-12.4776615    1.32476492  -0.82352941]
[-12.4709347    0.49814768  -0.09411765]
[-12.50336784   1.97841065  -1.03529412]
[-12.49655382   1.82719366  -1.38823529]
[-12.38089031   8.30370079  -1.78823529]
[-11.29890149   1.87153926  -1.78823529]
[-11.32977195   2.6746541   -0.65882353]
[-11.40510903  -1.1791675   -2.07058824]
[-11.42019813  -0.17600324  -1.41176471]
[-11.47019236   5.67033996  -1.78823529]
[-11.54811239   0.66984197  -0.61176471]
[-11.57156386   1.34535704  -1.15294118]
[-11.62663315  -2.09898155  -1.50588235]
[-11.64803727   0.8256685   -0.98823529]
[-12.0987581    5.1273564   -0.89411765]
[-11.75058472   0.79774556  -0.07058824]
[-11.77047227   1.90129788  -1.95294118]
[-11.84538755   7.59859752  -1.15294118]
[-11.85491728  -2.43077522  -0.87058824]
[-11.87675126  -1.52205395  -2.04705882]
[-11.97848286   1.48056666  -1.22352941]
[-12.00342845   3.2210396   -0.18823529]
[-12.02502273   0.55006967  -1.76470588]
[-12.0803579    6.19567608  -1.92941176]
[-11.65247934  -1.07772548  -1.34117647]
