[ 1.04639353  3.09326098 -1.13821326]
[ 3.18372252  2.64886894 -1.67728866]
[11.21226024 -5.84576766 -1.73568627]
[12.24142228 12.29113911 -2.09150327]
[-11.06435613  -8.17432773  -2.07058824]
[12.20586449  8.29763231 -2.09411765]
[11.66885579  8.74003023 -2.10588235]
[ 2.11041534  3.76151821 -1.64705882]
[ 9.88579789 11.45514972 -2.14117647]
[11.21278062  9.76006128 -2.12941176]
[12.42799732  6.62735935 -2.09411765]
[11.01966028 10.24576167 -2.16470588]
[10.72336195 10.87842905 -2.11764706]
[10.55015427  7.82303107 -2.16470588]
[10.19473015  5.64904128 -2.16470588]
[10.1526408  10.99596808 -2.16470588]
[ 9.42537502 11.80055772 -2.16470588]
[ 8.82069294  7.24962899 -2.11764706]
[ 1.94794498  4.0524673  -1.43529412]
[ 1.24595888  3.24738231 -2.07058824]
[12.12870121  6.95340592 -2.14117647]
