[ 0.62701454  9.47489718 -0.45224248]
[ 0.75198828  3.0934264  -1.14756842]
[-6.2983909  10.46380723 -0.73572849]
[ 7.4090756   8.90615789 -0.88627451]
[ 3.12890913  3.20912003 -1.49430639]
[-11.62815287  11.2164994    0.18431373]
[-11.61057582  12.16130514  -1.59696395]
[-0.1773829  10.99440166 -1.46470588]
[-11.8772073   11.27928883  -1.23921569]
[-10.36757784  10.87570039   0.83850267]
[-11.61468911  11.34357413  -0.63957219]
[ 2.64988248  9.99150838 -0.32085561]
[-12.22132656  10.62091238  -0.54117647]
[-7.35861331 12.40992433  0.15686275]
[-7.81360004 10.83596798 -1.84705882]
[-1.35906673 11.99961983 -1.19705882]
[-11.52161825  11.17962689  -1.99117647]
[-11.15702557  11.68380626  -0.83697479]
[ 7.60328396 10.84313682 -0.49411765]
[-8.32063823  9.67139136  0.07058824]
[-11.54003923 -10.26091472  -2.02352941]
[ 3.94436898 11.20063756 -0.42352941]
[-0.79474211 11.6354487  -0.29019608]
[ 5.54910892 10.65009956 -0.29176471]
[ 8.08233445  7.25369064 -1.38823529]
[ 3.75370007 12.21421221 -0.42352941]
[ 8.12359711 11.04910854 -2.01411765]
[ 5.20727473  9.27912063 -0.50588235]
[-8.59356043 10.29044773 -2.03529412]
[-2.73843311 10.87576756 -0.20588235]
[ 2.60577276 11.47995518 -0.38235294]
[-7.51813943 11.71695125 -0.28823529]
[-7.03683834 11.60785338 -0.88235294]
[ 8.58096471 11.55174457 -1.58235294]
[ 9.01092886  8.93597752 -2.03529412]
[-11.74038195  12.38755464   0.42352941]
[ 1.48159244  9.1398667  -1.60588235]
[-11.149968    10.68613954  -1.        ]
[-10.36456688   9.86034421  -0.46470588]
[5.70029608 9.55001387 0.03921569]
[-3.7088732  11.7242429   0.43137255]
[-0.40614854 11.31616724 -1.42745098]
[-12.39231888  11.39739471  -1.76470588]
[-8.25755732 12.19225411 -0.51764706]
[ 4.56859838 10.89044116 -0.45490196]
[-3.36633892 11.13065321  0.40784314]
[-4.83579368 12.32659629  0.15686275]
[-0.9016192  12.04951351 -1.05882353]
[-9.30139381 12.2801943   0.51764706]
[ 5.70070226 10.92681435 -0.44705882]
[ 2.98370472 10.66613995 -0.56470588]
[-9.88398271 12.03823136 -0.1254902 ]
[-6.53452655 10.10846396  0.50196078]
[-1.05570113  8.95364984 -0.10980392]
[ 5.57326886 10.72742924  0.23529412]
[-0.95149779 11.56861212 -1.00392157]
[-5.03376959 10.76565017  0.71764706]
[-5.25061695 11.56443336 -1.8       ]
[-5.7430725  10.67360301  0.98823529]
[ 5.51057178  9.74811507 -0.44705882]
[-6.47769845e+00  1.22609109e+01 -1.17647059e-02]
[-4.39975008 10.52375931 -1.8       ]
[ 4.23875326 11.56161661 -0.47058824]
[-0.09236573  9.30026073 -1.6       ]
[ 0.05167112  9.63626903 -1.23529412]
[-0.45018788  8.97878903 -1.90588235]
[ 1.9496147   4.259092   -1.61176471]
[-1.13289216 11.86267316 -0.05882353]
[ 2.26710576 10.5903915  -0.32941176]
[-1.22477779  9.00842265 -2.        ]
[-2.28975372  9.37427638 -0.31764706]
[ 2.61539558 12.27563019 -0.61176471]
[-2.94080115 10.96371202  0.18823529]
[-3.25024081  9.91093818  0.69411765]
[ 3.27603091 11.23323868 -0.42352941]
[-3.35108639  9.91083625 -1.23529412]
[-3.29913042 10.77118482  0.41176471]
[ 3.48796399 10.83655106 -0.54117647]
[-3.98656871 11.1048433   0.51764706]
[-1.92938408  9.7623981  -1.52941176]
[-8.56504413 12.42575727 -0.18823529]
[-11.26744515  10.93692467   0.62352941]
[-8.49603421 11.27549545 -0.6       ]
[ 7.44881004 10.33837972 -0.90588235]
[-8.15355675 11.65975088 -0.45882353]
[-8.77219304 12.02348271  0.50588235]
[ 8.77066348 11.03825867 -1.11764706]
[-6.48818969 10.8167074  -1.67058824]
[ 7.1894154   9.37501051 -1.56470588]
[-11.56215186  12.28761403  -0.09411765]
[-7.52039013 12.07444333 -0.51764706]
[-12.13692049  11.92085791  -1.15294118]
[-7.50062157 11.17516574 -1.10588235]
[ 7.149946   11.04168187 -0.29411765]
[-11.11231067  12.34859651   0.35294118]
[ 6.88825536  9.73731566 -1.        ]
[-9.63438162 11.33835966 -0.12941176]
[ 6.85344949 10.51616962 -0.54117647]
[-7.27684254 12.13949368 -0.18823529]
[ 8.88687007  9.29207938 -0.42352941]
[-7.39635485 12.29778305  0.71764706]
[-10.06218902  11.83988089  -0.55294118]
[ 8.95008886  9.71084649 -0.74117647]
[-12.46245556  11.70246368  -0.54117647]
[ 5.80027336 11.66487761  0.25882353]
[-6.83791864 11.93792672  0.41176471]
[-10.21470025  10.69794217  -0.14117647]
[-10.29997168  11.23988702  -0.56470588]
[ 8.28630456 10.23686582 -1.55294118]
[ 2.27951903 12.30051979 -0.42352941]
[ 2.04855003 10.02931858 -0.47058824]
[ 2.22924996 11.07340951  0.16470588]
[8.36930774 8.69772279 0.21176471]
[ 8.49718401  8.12968748 -1.22352941]
[ 8.05457622  9.87599367 -1.29411765]
[ 1.86938952  4.15516515 -1.24705882]
[ 1.80392612 12.37063809 -0.8       ]
[ 1.72030253 11.48080057 -0.87058824]
[ 8.79437971  9.99499348 -1.10588235]
[ 2.35211448  8.90414712 -0.68235294]
[ 1.29577878  9.69616707 -0.75294118]
[ 1.10364791 10.76971372 -1.71764706]
[ 1.04890939 10.30575443 -1.57647059]
[0.92842216 8.70078836 0.58823529]
[ 8.99875896  8.59545961 -1.01176471]
[ 0.37692016 11.37621705  0.37647059]
[ 0.32533591 11.34508199 -0.02352941]
[ 9.0192043  10.8978751  -1.92941176]
[ 9.07813407  9.09458744 -1.01176471]
[ 1.72807542  9.85268914 -0.35294118]
[ 3.30800791e-03  1.18463321e+01 -2.16470588e+00]
[ 5.79993617 11.35021249 -0.63529412]
[ 5.84577302  8.44509246 -1.45882353]
[ 5.85452679 10.01904324 -0.44705882]
[ 6.02280041 10.47180735  0.09411765]
[ 6.11999041 10.69771193 -0.63529412]
[ 6.36954623  9.42957978 -1.10588235]
[ 5.12307962 10.929258   -0.35294118]
[ 5.12174721 10.02978748  0.14117647]
[ 6.67048401  8.0515035  -2.07058824]
[ 5.05251067  9.59590545 -0.09411765]
[ 4.60136293  9.75590054 -0.42352941]
[ 4.17624209 10.09646318  0.09411765]
[ 3.79674552 10.65493117  0.04705882]
[ 7.79957837  9.5955382  -1.17647059]
[ 7.27095516  9.80489187 -1.43529412]
[ 3.72236339 11.62914758 -0.65882353]
[ 7.30591582  8.50423984 -0.84705882]
[ 3.45365619 11.9050752  -0.35294118]
[ 7.4795923  11.47727688 -0.56470588]
[ 7.50123846  8.20001497 -0.07058824]
[ 3.17787459 12.17980409 -0.58823529]
[ 7.77911039 10.84871396 -1.08235294]
[ 2.9283191  10.24945937 -0.63529412]
[ 2.72235837 10.4976316  -0.51764706]
[ 2.65482626 11.79725377 -0.16470588]
[ 7.948388   10.82732774 -0.68235294]
[ 7.97803318 11.09899546 -1.10588235]
[ 8.0225998  10.8700056  -1.52941176]
[ 3.77065003  7.92527174 -0.32941176]
[-8.54517585  9.60398595 -0.96470588]
[-8.22044311 11.09619449 -1.76470588]
[-7.92142491 11.32817952 -0.77647059]
[-7.85391792 10.17720588  0.51764706]
[-7.60045474 10.74972351  0.07058824]
[-7.52596769 12.45469674 -0.35294118]
[-7.40086613 11.07084128  0.96470588]
[-7.39503694 11.34493295 -0.77647059]
[-7.35496479 10.84937727 -1.52941176]
[-7.2773873  10.44802443 -0.63529412]
[-2.25546914 11.50330454 -0.04705882]
[-7.02092519 11.79678708 -1.71764706]
[-6.99894499 12.42447199 -1.08235294]
[-6.92048704 10.55541707 -1.38823529]
[-6.88044574 12.32217774  0.47058824]
[-6.67946239 11.20130269 -2.02352941]
[-6.52994432 10.29509258 -0.28235294]
[-6.39644144 11.97639171 -0.98823529]
[-6.39798277 12.29760748 -1.88235294]
[-6.37896784 12.07566969  0.56470588]
[-5.92420833 10.92878703 -1.52941176]
[-7.27329199 11.35470435 -1.78823529]
[-12.50445833  11.23039955  -0.49411765]
[-12.50351988  11.30139867   0.14117647]
[-12.50234347  11.52323254  -0.16470588]
[-12.39788878  12.07740427  -1.10588235]
[-12.20531121  11.75043823  -0.65882353]
[-12.12155871  11.32074507  -0.21176471]
[-11.35264132  12.12451694  -0.98823529]
[-11.12090564  12.34685127  -1.10588235]
[-10.94778885  12.1548882   -0.51764706]
[-10.9039104   11.87296979  -0.61176471]
[-8.69856483 10.07586548 -0.02352941]
[-10.77072694  12.47566224   0.51764706]
[-10.69621107  10.67705465  -0.75294118]
[-10.60019355  11.90482314   0.4       ]
[-10.47641547  12.44548461   0.04705882]
[-10.37182797  11.49911643   0.16470588]
[-10.37353698  12.16988781  -0.68235294]
[-10.27818222  10.3704086   -0.65882353]
[-9.45574725 12.1719533   0.91764706]
[-9.15418812 10.32731757  0.07058824]
[-8.90441224  9.79586891 -0.09411765]
[-10.85151273  10.25326815  -0.42352941]
[-1.74721445  9.34403714 -2.14117647]
[-1.71954526  8.57037461 -1.31764706]
[-1.62616474  9.80224796 -1.92941176]
[-1.55381292  8.62863495 -2.14117647]
[-1.37581239 11.82317812 -0.84705882]
[-1.23008232  9.99793999  0.25882353]
[-1.12793967  8.55349189 -2.        ]
[-1.09680696  8.22151041 -1.97647059]
[-1.09870314 12.10180671 -0.35294118]
[-0.97268437  2.9550973  -2.11764706]
[-5.87783143 11.87236232 -0.87058824]
[-0.95182794 10.02650329  0.42352941]
[-0.92493491  9.74923848 -1.27058824]
[-0.8969636  10.97994469 -1.01176471]
[-0.87086827  8.7503524  -2.02352941]
[-0.69556869 10.40559123 -0.98823529]
[-0.62199191  9.44747008 -1.97647059]
[-0.47913485 11.40575578 -0.32941176]
[-0.40597267  2.24490636 -1.83529412]
[-0.32880053  9.70029845  0.58823529]
[-0.30074174 10.42267888 -1.31764706]
[-0.97320726  7.90248313 -2.14117647]
[-5.72471121 11.72983485 -1.76470588]
[-5.62800762 10.67773169 -1.78823529]
[-5.29801262 10.49538214  0.68235294]
[-5.05289354 11.21913384 -0.47058824]
[-5.00281514  9.99511793 -0.32941176]
[-4.74957612 11.9244271  -0.91764706]
[-4.38039425 12.15208191 -0.09411765]
[-4.34780777 11.00407632 -1.29411765]
[-4.12175013  9.15091059 -2.02352941]
[-4.00513398 11.00227034 -0.4       ]
[-2.12225585 11.2956782   0.21176471]
[-3.69452353 10.77467371  0.14117647]
[-3.6729785  10.43016956 -1.57647059]
[-3.64618676  9.29701229 -0.70588235]
[-3.59850976 10.9222407  -0.16470588]
[-3.32722149  9.05362517 -1.95294118]
[-3.05047566 11.42261593  0.28235294]
[-2.92096801  8.70598409 -2.04705882]
[-2.77911345 11.20029795 -1.6       ]
[-2.47966118 12.12326411 -1.43529412]
[ 9.27236909  9.24690579 -1.2       ]
[-3.99913862 11.88039726 -0.04705882]
