[ 0.99139023  3.07795663 -1.0972248 ]
[ 3.20394333  2.72799276 -1.64214025]
[12.06578028 12.02958656 -2.10352941]
[11.46532458  9.56687744 -2.11764706]
[ 9.74166359 11.06572533 -2.10196078]
[ 1.99585355  4.18967773 -1.55294118]
[12.17803226  8.96396028 -2.16470588]
[-7.09429832 -4.7000384  -0.47058824]
[-4.37951996 -4.45328484 -1.55294118]
[-2.18026111 -2.10494958 -0.98823529]
[-2.05541863 -6.62761963 -1.24705882]
[ 0.5690449   2.27852579 -1.71764706]
[ 1.60078859  5.12797232 -1.36470588]
[ 8.92207112 11.47912862 -2.16470588]
[11.02613208 10.17775062 -2.16470588]
