[ 0.7412556   3.07874794 -1.09528808]
[11.49523772  6.1089983  -0.65594312]
[ 3.09961037  3.17346443 -1.46614931]
[11.92618217 11.68659454  0.55851393]
[11.51713396 10.3899194  -1.59031142]
[11.52199157  8.98827539 -1.0875817 ]
[10.904534   11.2320854  -1.75294118]
[-9.90739525  7.64309245 -2.01008403]
[12.26116773  9.04252718 -0.68907563]
[10.42968426 11.35235005 -1.6       ]
[12.26108655  9.31867082 -1.23921569]
[11.23400322  9.31110916 -1.91764706]
[10.9817842  12.37610198  0.71529412]
[11.47639856 11.70151394  0.66352941]
[12.39950594 -0.89192371  0.5254902 ]
[11.04597216  3.23310175 -2.        ]
[12.32869709 11.95949155  0.25882353]
[11.39213835 12.07286815 -0.2745098 ]
[11.39117541  8.59629158 -1.75686275]
[10.10583349 11.06087741 -1.45098039]
[11.28993996 10.0659908  -1.78039216]
[12.31321019  2.78567197 -1.15294118]
[12.28780908 -0.67578655  0.28235294]
[11.82586372  7.01134986 -2.08235294]
[11.31381325  2.46106631 -2.02352941]
[11.22995542 12.42192184  0.22352941]
[11.91303114  6.44691991 -0.05882353]
[11.715663   10.83707016 -1.57647059]
[11.42379403  4.78791734 -1.89411765]
[12.01335171  8.66090564 -0.17647059]
[11.10267697  3.89887673 -1.94117647]
[10.93622262  9.27365411 -0.11764706]
[11.97278596  9.8760297  -1.02352941]
[ 9.97291887  7.83648706 -2.05882353]
[10.8627432   9.18798024  0.78823529]
[12.40165523  5.89865588 -0.81176471]
[ 9.46267084 10.67343013 -0.90588235]
[12.17591024  8.02542603  0.58823529]
[12.42861755 12.4557378   0.70588235]
[12.13038063 12.2233184  -2.09411765]
[12.11909499  9.85453448 -0.37647059]
[12.04708712  9.00159939  0.09411765]
[12.05594711  8.7273521  -0.51764706]
[12.04936782  7.36962366 -2.02352941]
[12.17576424  9.45295461 -1.71764706]
[12.4444656   3.82640867 -0.47058824]
[11.99462512 10.37866593  0.82352941]
[12.00190798  3.85593762 -1.81176471]
[11.99520796  2.72535332 -0.87058824]
[12.45108264 11.02485882  0.44705882]
[12.46985778 -1.80307401 -0.16470588]
[12.47200153  5.17335473  0.8       ]
[12.45204742  0.57920453  0.65882353]
[12.34713346  6.77339915 -2.14117647]
[12.35242848  3.44782959 -0.47058824]
[12.35504212  8.64925975  0.07058824]
[12.32197701 11.27065425 -2.02352941]
[12.39476774  0.57284833  0.09411765]
[12.27889362  9.47027805  0.49411765]
[12.27096856  8.47622752 -0.32941176]
[12.40482588  7.7777992   0.51764706]
[12.42476962 11.49741065  0.25882353]
[12.399265    8.07962411  0.84705882]
[12.39688758  8.12112662 -1.95294118]
[12.40258445 11.00396208 -1.45882353]
[12.42243276  0.15428946 -2.16470588]
[12.42293108  9.22581054  0.14117647]
[12.21922133 12.43037956  0.42352941]
[12.1983589  10.10072672 -0.14117647]
[12.19530124  5.69684058 -1.27058824]
[12.27327504  4.39529854 -1.67058824]
[11.16902643  2.65532661 -1.03529412]
[11.12973881  9.87218626  0.49411765]
[11.10578285  9.85153407  1.10588235]
[10.9765021  10.84991303  0.28235294]
[10.85549513 11.80028309 -1.76470588]
[10.74848025  6.95496697 -2.11764706]
[10.72177996  6.14596565 -2.07058824]
[10.64772718  6.54465087 -2.14117647]
[10.6228117   8.89875788 -2.07058824]
[12.4708476   1.82420037  0.23529412]
[10.48098135  9.74553555 -2.11764706]
[10.07234595 12.3486625  -0.56470588]
[10.0015393  10.40216768 -0.32941176]
[ 9.60356024  8.10489987 -1.97647059]
[ 9.52890166 10.49438975 -1.90588235]
[ 2.22047213  2.87796    -2.09411765]
[ 1.87151517  4.20257559 -1.57647059]
[ 1.82487944  4.12246552 -1.2       ]
[ 1.30524424  4.57031854 -1.52941176]
[ 0.02097922  3.67086445 -1.97647059]
[10.54762027  7.52704663 -1.6       ]
[11.87656013  4.36912996 -0.8       ]
[11.83049399 12.00430092 -2.        ]
[11.79831019 10.85315981 -1.95294118]
[11.80486819  4.40195428 -0.42352941]
[11.70086247  9.20029408 -1.71764706]
[11.67242665 10.6747718  -1.22352941]
[11.6786275   9.5302301  -0.56470588]
[11.6047354  12.00052771  1.05882353]
[11.60138596 11.7735273  -1.01176471]
[11.2256782  -0.32031916 -2.18823529]
[11.48088284  9.74858241 -1.88235294]
[11.46934992  7.26927697 -2.16470588]
[11.45575738  7.37366225 -0.56470588]
[11.45181446  4.75323759 -0.02352941]
[11.40300543 10.95523439 -1.24705882]
[11.32508444  8.50506577 -0.51764706]
[11.29842389 11.47217946 -0.35294118]
[11.29978556 10.64986691 -0.84705882]
[11.24797137  7.17500114 -1.97647059]
[11.24407384  4.27571752 -1.97647059]
[11.59750269  2.67438253 -1.45882353]
