[ 0.97106847  3.12109611 -1.15380888]
[ 3.1515068   2.76885284 -1.70054902]
[ 1.87262119 11.04712461 -1.66334842]
[ 10.24097225 -11.51453966  -2.17647059]
[-1.85402112  2.54867479 -0.77647059]
[ 1.87326151  4.14726094 -1.31764706]
[ 2.07543945  3.12468381 -2.09411765]
[ 9.22455848 -3.44980246 -2.16470588]
[  9.72557523 -11.14677632  -2.11764706]
[ 9.94416282 -5.27144972 -2.16470588]
[10.37888742 -3.62483282 -2.14117647]
[ 10.57904064 -11.00122525  -2.11764706]
[ 11.31950269 -10.80154385  -2.16470588]
