[ 1.14389086  3.10600971 -1.12354851]
[ 3.18274396  2.71479231 -1.65189363]
[-1.24165382  6.48543142 -1.47695275]
[-0.95509224  2.91191281 -2.02689076]
[-3.63376335 -5.24413789 -1.17176471]
[ 1.89169644  4.08842515 -1.26470588]
[-1.70389507  4.17490791 -0.72941176]
[11.95242624 -5.64615245 -2.18823529]
[11.17072736 -1.82260764 -2.11764706]
[11.14609885  2.04856017 -2.18823529]
[10.82283656 11.74860784 -2.18823529]
[10.13086149  0.37151089 -2.09411765]
[ 3.65340959  3.29478716 -1.90588235]
[ 3.42666576  3.77801669 -1.83529412]
[ 1.05426948  3.0278893  -2.07058824]
[-0.18040713  4.17763651 -2.14117647]
[-4.17337486  2.65246036 -1.22352941]
[11.7465149   6.619007   -2.14117647]
