[ 1.0204418   3.12785453 -1.12655701]
[ 3.16712327  2.71080559 -1.67873895]
[ 0.92634974 -4.7355933  -1.63734827]
[ -3.97314316 -10.85397194  -1.92941176]
[-0.94972665  2.89038801 -1.80784314]
[11.84090516  9.61499538 -2.14117647]
[ 1.86437771  4.07982471 -1.10588235]
[ 0.72286598 -4.69958158 -2.02352941]
[ 2.0697293   3.84883091 -1.81176471]
[ 3.76918359  1.69924497 -0.75294118]
[10.37976634  8.55557915 -2.16470588]
[11.35452407 10.22489706 -2.11764706]
[11.60178655 10.05150865 -2.16470588]
[12.37664864  8.89820307 -2.09411765]
