[ 0.73882312  3.07342936 -1.09770496]
[ 3.0825874   3.41047964 -1.27922794]
[ 3.15976869  2.71227355 -1.66151665]
[11.78470447 11.59575401 -2.05835294]
[11.379779    8.14325285 -2.09090909]
[10.38651177 -5.6812624  -1.65983193]
[11.47006508  3.6056969  -2.13333333]
[11.24593491  4.82969444 -2.11764706]
[11.1105852   5.5740835  -2.06117647]
[ 9.45360732 11.12373871 -2.10823529]
[ 9.3019052   8.06924285 -2.11294118]
[ 3.336848    3.56893544 -2.04705882]
[ 9.65328927 10.18185475 -2.13529412]
[10.11641993  4.02952471 -2.14901961]
[-11.75050102  -7.84175482  -2.0627451 ]
[12.44265433  6.11731754 -2.07843137]
[11.92565263  2.91142823 -2.09411765]
[ 9.85856374 10.77390184 -2.10588235]
[ 0.86318718  3.85289998 -0.17647059]
[10.01094479  7.73351528 -2.10588235]
[ 2.05260577  3.47840188 -1.75294118]
[10.67378446  6.22237557 -2.14117647]
[12.12092025  2.42456067 -2.07058824]
[11.32086833  7.12431539 -2.04705882]
[ 1.2712784   3.17913191 -2.02352941]
[ 1.87940271  4.10385241 -1.2       ]
[10.3745528   6.75219969 -2.16470588]
[ 3.6700263   2.87217778 -0.96470588]
[10.23002298  7.40244879 -2.11764706]
[ 8.62624834 10.49708731 -2.18823529]
[ 9.72662815  5.32498779 -2.09411765]
[ 8.74591369  6.2046186  -2.16470588]
[ 9.35582321  5.39518228 -2.18823529]
[ 8.77855888 11.67312263 -2.16470588]
[ 9.2272579   3.42337316 -2.16470588]
[12.2251253   2.12688512 -2.09411765]
