[-4.90421106  7.95146635 -0.75750822]
[ 0.75826973  3.07119664 -1.13306182]
[ 3.13572714  3.19254022 -1.47225064]
[-11.51475588   6.93872971  -1.40495356]
[-11.22098835   7.96567937   0.41411765]
[ 1.50937486 12.21849592 -0.60196078]
[-4.78216611  8.12844775 -1.72192513]
[-0.73368429  9.78141771  0.04470588]
[-12.13866975   7.37062686  -1.16      ]
[ 1.23914344 10.98828181 -1.77647059]
[-12.44225471   7.74213608  -1.07563025]
[-5.33215883  9.34632899 -1.9092437 ]
[ 1.78924832  9.94530892 -1.59327731]
[-10.22351078   7.21551961  -1.92156863]
[-7.45722687  8.50219848  0.43294118]
[-11.19658552   5.86424817   0.36235294]
[ 1.79573918 10.51866285 -1.76470588]
[-8.31354111  9.18497665 -1.72941176]
[-8.91798358  6.86430123 -1.24117647]
[-8.99050271  7.40332388  0.4       ]
[-5.86957187  6.81069385 -1.92941176]
[ 2.17697061 11.71684978 -0.48235294]
[-10.72860678   6.86523708  -0.37647059]
[-3.12889116  9.27582648 -1.37647059]
[-1.90238458 11.20508939 -1.22941176]
[-1.69966067 10.73741056 -1.14705882]
[-1.24391426 10.23734692 -0.45294118]
[-12.0978621    7.45113419  -0.62352941]
[-12.08484048   5.3818044   -1.86470588]
[-0.66140226 10.97861878 -0.08235294]
[-12.22964809   5.88564191  -1.98823529]
[-0.11543169 11.2061349   0.48823529]
[-0.07673172 10.8436677  -1.45882353]
[-4.17471337  9.56400388 -1.91372549]
[-3.94125188  9.96822872 -1.80392157]
[-11.90546227   4.49795437   0.6745098 ]
[-3.71716334 10.57575037 -1.96078431]
[-8.54227862  8.39247977  0.30588235]
[-8.5742625   7.4839651  -1.16862745]
[-0.94824656  2.8778783  -2.05490196]
[ 1.97830485  4.26665617 -1.63921569]
[-1.13118472 11.14000573 -1.22352941]
[-7.72838419  7.54757479 -1.23137255]
[-9.47495784  7.17831883 -1.23921569]
[ 3.24747203 11.26151428 -0.56470588]
[-7.78780537  8.03971545 -2.        ]
[-7.52262773  9.10987447  0.44705882]
[-8.30028056  8.82264828  0.42352941]
[-7.52568312  9.48868353 -0.83529412]
[-8.33345625  9.72605146 -1.09411765]
[-8.33749752  8.23953945 -0.48235294]
[-8.46699585  8.08910064 -1.31764706]
[-8.58359108  8.58966205 -1.71764706]
[-8.19874773  7.48596699 -2.09411765]
[-7.56317192  6.89968596  0.56470588]
[-7.01306029  8.36312665  0.54117647]
[-6.71129533  9.73437674 -0.48235294]
[ 0.90364935 12.19976082 -0.29411765]
[ 2.76390157 10.19654915  0.12941176]
[-4.22929891  9.98830058 -0.89411765]
[-0.08968331 10.53734419 -0.57647059]
[-3.83711019  8.72361687 -0.6       ]
[-3.33389442 10.04875993 -0.21176471]
[-3.32143547 10.17382311 -1.67058824]
[-3.14915622 10.00105659  0.21176471]
[ 1.92955826 10.13888771 -1.21176471]
[-1.59756378  9.67852992 -1.64705882]
[-1.10360155 10.61619421 -1.37647059]
[ 2.93366107 10.59012021 -0.03529412]
[-12.0513718    7.21056797   0.10588235]
[-12.26041427   8.08702551  -1.75294118]
[-11.66254795   7.38349833  -1.23529412]
[-9.19610772  5.95842559 -2.05882353]
[-12.34875639   6.22782086  -1.10588235]
[-12.43873858   5.56151162  -0.52941176]
[-11.74918279   6.03912187  -1.43529412]
[-9.17344632  8.97259624 -1.30588235]
[-10.81266583   7.21339494   0.57647059]
[-12.46608704   4.95401487  -0.47058824]
[ 3.33702029  9.83268108 -0.67058824]
[-8.71338587  7.71153151 -1.94117647]
[-10.86329873   7.6229373   -1.81176471]
[-1.77451627  8.39696802 -0.02352941]
[-11.39441857   6.60434344  -0.70588235]
[-1.72495134 10.59931338 -0.65882353]
[-11.44773193   7.64875646  -1.6       ]
[-1.62194047  7.52191551 -1.55294118]
[-1.42810839 10.92134425 -0.04705882]
[-1.42486051 12.42366166 -1.2       ]
[-11.57590972   8.09897832   0.68235294]
[-1.24870676 10.04743351  0.23529412]
[-1.12895076 10.63009288  0.        ]
[-11.67310835   7.32324306  -0.07058824]
[-11.67626636   6.41992545  -1.90588235]
[-1.77638362  9.40082332 -1.12941176]
[-1.85284458 11.70442356 -1.34117647]
[-1.94813908 10.62749499  0.16470588]
[-1.9510103   9.75224384 -0.49411765]
[-1.94648915  8.70182518 -0.96470588]
[-11.25524671   6.27585101  -1.10588235]
[-2.6282089  12.3017481  -0.18823529]
[-2.82306205  8.02545307 -0.68235294]
[-2.87229121  8.80533634 -1.31764706]
[-3.17277251 10.30021026 -0.35294118]
[-11.17245425   4.70465958   0.44705882]
[-11.15238737   7.14720645  -2.04705882]
[-3.29411944  9.7448273  -1.62352941]
[-11.12041419   7.57030428  -1.55294118]
[-11.05156339   6.62672848  -0.02352941]
[-3.50091209  8.79688668 -1.69411765]
[-1.12767368 12.26981945 -1.2       ]
[ 3.39808545 11.56940556 -0.65882353]
[-12.47414871   5.0452585    0.8       ]
[-12.47749359   6.13050718  -2.11764706]
[ 2.55215441  9.99604092 -0.68235294]
[-12.47977006   6.44437674  -0.77647059]
[ 2.24877122 11.39435483 -1.2       ]
[ 1.94827895 10.5455107  -1.27058824]
[-12.37897183   7.04513666  -0.75294118]
[ 1.86918359  4.12236826 -1.2       ]
[-12.25519288   5.02018595   0.58823529]
[ 1.52526135 11.89852989 -1.52941176]
[ 1.52570276 10.80041755 -0.77647059]
[ 1.49876133 12.0241261  -1.92941176]
[ 1.40305126 10.85361082 -0.44705882]
[-11.94435626   8.14947336   0.65882353]
[-0.72576661 12.32578752 -1.01176471]
[-11.7005701    7.09400403  -2.04705882]
[-11.72468659   5.92293602   0.25882353]
[-3.52160637 10.02750146 -1.85882353]
[-0.60382552 12.08081082 -0.75294118]
[-0.59896181 12.15123269 -0.02352941]
[-0.57565971 10.42838518 -0.37647059]
[-11.84684469   7.92095213  -1.36470588]
[ 1.00455138 12.2473841  -0.68235294]
[-11.87757609   7.07014802  -0.44705882]
[ 0.17254445 10.49431989 -1.64705882]
[ 0.37655372 10.14663725 -2.02352941]
[ 0.4975944   2.67826618 -1.97647059]
[ 0.52506623  9.6959013  -0.82352941]
[ 0.62391891 11.60278693 -1.01176471]
[ 0.62077298 12.30030837 -0.82352941]
[-11.92034751   5.85330253  -1.17647059]
[-11.84539963   5.20397075   0.51764706]
[-7.92757761  7.27990938 -1.43529412]
[-7.82325472  6.59875035  0.23529412]
[-9.0767034   8.17417123  0.54117647]
[-7.82033496  9.26990221  0.23529412]
[-7.72508148  9.52430674 -1.69411765]
[-9.24562483  7.95031669  0.35294118]
[-7.64914132  9.12412916 -1.05882353]
[-3.82226537  9.19441212 -0.30588235]
[-9.79979301  8.62538777  0.56470588]
[-7.47719871  9.14515045 -0.32941176]
[-7.42433604  7.27023951  0.63529412]
[-7.4019834   5.69745251 -0.54117647]
[-7.37732617  9.35525277  0.02352941]
[-7.27386166  9.48036735 -1.52941176]
[-9.85034148  6.92517039 -2.04705882]
[-7.02700538  6.37267587 -1.88235294]
[-9.30331495  7.39470327 -0.25882353]
[-8.69574651  7.59429098 -0.47058824]
[-8.55174589  7.62272868  0.21176471]
[-8.55241305  8.0732337  -0.11764706]
[-8.92872469  8.6266458  -0.14117647]
[-8.92956555  8.42964483 -0.70588235]
[-8.40297441  7.72989411 -0.68235294]
[-8.95403463  8.20071985 -0.47058824]
[-8.94469693  7.87061807  0.        ]
[-7.94888137  7.62144052 -0.91764706]
[-8.97759733  8.02255312 -1.85882353]
[-9.04766248  7.12891954 -1.50588235]
[-8.24481254  8.9038699  -0.16470588]
[-8.24819982  9.07545084 -0.61176471]
[-8.2052489   7.02640113 -0.72941176]
[-8.19757366  7.82280408 -1.90588235]
[-8.10274687  5.72820232 -1.38823529]
[-8.0220432   8.44750632 -1.67058824]
[-8.29763188  7.12199936 -1.76470588]
[-4.92930238  9.7959121   0.18823529]
[-4.67850996  9.09910346 -1.45882353]
[-4.59497515  7.15030333 -1.92941176]
[-4.58028905  8.9790524  -0.8       ]
[-4.47894052 10.10154288  0.23529412]
[-4.32185505 10.05026778 -1.71764706]
[-10.55044573   8.35406729   0.        ]
[-6.90279084  8.20359497  0.18823529]
[-10.64960119   7.07321307   0.35294118]
[-4.17132055  9.57807891 -1.01176471]
[-4.15453777  8.16949773 -0.8       ]
[-4.1500282   8.9225772  -1.36470588]
[-4.09859066  9.74976208 -0.28235294]
[-4.08090414  9.26932496 -1.34117647]
[-10.65167805   6.74462665  -2.09411765]
[-3.57114511 10.52037611 -1.55294118]
[-4.22228947  7.37669409 -2.04705882]
[-9.97472689  6.21949412 -0.30588235]
[-6.35556605  8.7804003  -1.22352941]
[-6.15038481  8.79418467 -0.37647059]
[-6.09781532  9.37569491  0.16470588]
[-6.02164012  6.59742177 -1.10588235]
[-10.22007264   8.00428973  -1.95294118]
[-5.74930738  6.94542834 -0.04705882]
[-5.54494149  9.57080648 -1.48235294]
[-4.97412352  9.12863864 -2.09411765]
[-10.2448315    8.90549901   0.28235294]
[-5.35569252  6.27019949 -2.02352941]
[-5.35196453  9.18096602 -1.50588235]
[-5.16964523  8.09731486 -0.63529412]
[-10.32074842   6.39719587  -1.55294118]
[-5.09927043  7.0989985  -1.95294118]
[-5.07130537  6.77945611 -2.09411765]
[-5.04916497  8.77115547 -1.05882353]
[-5.5521018   9.87427494  0.16470588]
