[ 7.68188493  7.36664611 -0.53917853]
[ 1.11397789  3.0807741  -1.19872501]
[-11.29466901  11.29314706  -0.88684988]
[ 0.60638225 11.9864569  -1.37688098]
[-9.46470894 12.02893975 -0.72186459]
[-12.02591426   9.00507068  -1.56934046]
[-12.32714256  11.66701313   0.52383901]
[12.33581923  4.10641053 -0.08888889]
[-12.20181021   9.77867789  -0.23843137]
[ 9.15048768  8.40888068 -1.74660633]
[ 2.09065101 11.37332476 -1.62352941]
[ 9.79845674  7.36928741 -0.29304813]
[-12.37784762   9.41845733   0.41176471]
[-10.48762976  10.47559768  -1.97310924]
[ 1.18860343e+01  4.03250050e+00 -6.72268908e-03]
[ 4.15074735 11.20812325  0.48739496]
[12.3965147   2.74242629 -0.74285714]
[ 8.51493477  7.52641074 -1.48907563]
[12.1575496   4.42703116  0.47843137]
[ 2.85182183 12.34111813  0.56078431]
[12.37733418  4.7833307  -0.37647059]
[12.02760843  2.53338401 -1.2627451 ]
[-11.43559526  11.92414456  -1.32235294]
[ 3.95474736 11.82041511  0.33882353]
[12.18098393  5.71584478 -0.84235294]
[ 3.98837976  9.29820272 -0.15882353]
[-1.11152036 12.35071891 -1.44705882]
[-12.36713189   8.24528099  -0.55294118]
[-12.49206566   9.00564295  -0.1       ]
[11.30190684  9.00250844 -0.30588235]
[7.08687858 9.62387587 0.41764706]
[ 7.08865719  9.39852566 -1.94117647]
[10.99956066  7.18536378 -0.97647059]
[-12.20901799  11.11162624  -1.37647059]
[-9.79847754 10.78626725 -1.95294118]
[11.49934364  5.75854103 -1.17647059]
[10.60923937  5.34895754 -0.07058824]
[10.59336704  8.76900007 -0.32156863]
[10.93446803  6.54326642 -1.78823529]
[10.3056123   6.6052324  -1.37254902]
[ 6.12587646 11.01635387  0.20392157]
[12.09923231  5.41880585 -2.00784314]
[ 6.77609429  9.21533523 -1.52941176]
[ 0.75801681 12.43200231  0.6745098 ]
[-12.26753953   9.78330032  -1.6       ]
[12.36020888  4.25113391 -2.03921569]
[ 2.1647911  11.93843451 -1.83529412]
[ 1.37872377 12.19932587 -2.04705882]
[10.96158989  5.68996167  0.4       ]
[ 2.06543291  3.82475102 -1.81176471]
[10.52329669  7.20344657  0.35294118]
[ 3.87157348 12.36036334  0.30588235]
[10.37549719  9.08764989 -0.30588235]
[ 5.06301699 11.4668303   0.18823529]
[10.0676912   7.16027445  0.55294118]
[10.03874631  4.71473396  0.11764706]
[ 5.82665845 10.7336793   0.41176471]
[9.82835228 6.31083076 0.75294118]
[6.31251308 9.0120864  0.87058824]
[9.323142   7.11806611 0.83529412]
[ 9.29937546  8.65131459 -0.08235294]
[ 6.98711196  9.46147369 -1.34117647]
[ 0.75230683 11.4031965  -2.09411765]
[-12.44786376  10.81536009  -0.22352941]
[11.71347466  6.41454746 -1.44705882]
[11.7243236   6.67927484  0.41176471]
[11.48489328  4.06140396 -0.89411765]
[-12.39664916  12.06595841  -0.35294118]
[-9.63421416 10.16218487 -1.92941176]
[11.44891239  7.76451395 -0.15294118]
[-9.08744473 11.28916218 -0.58823529]
[-9.08789939 10.20052081 -2.04705882]
[11.29119313  6.23592544 -1.32941176]
[-7.17360183 12.4144919  -2.08235294]
[ 8.03305792  8.81337974 -1.84705882]
[-12.07630601  10.77348247  -0.42352941]
[-12.39997214   8.89039493  -0.74117647]
[-0.93766421  2.88814498 -1.87058824]
[-11.56725777  12.28814438  -1.01176471]
[-11.56613785  11.78764041  -1.78823529]
[12.07507948  8.08742141 -0.24705882]
[11.99029138  5.36541243 -0.21176471]
[12.22844328  5.88784318 -2.02352941]
[12.09946441  5.12052308 -1.74117647]
[ 9.44714009  8.85076068 -0.56470588]
[9.07422945 8.6539231  0.32941176]
[12.15248343  8.32973415 -0.94117647]
[12.1476515   9.60465083 -0.16470588]
[12.25491305  7.32254868 -0.70588235]
[9.82188738 7.97776887 0.35294118]
[ 9.02905057  8.40292711 -0.18823529]
[12.26910684  9.45198101  0.37647059]
[8.55514953 9.2801224  0.07058824]
[ 8.44561819  7.10003439 -1.34117647]
[ 8.42169061  9.05096965 -1.52941176]
[ 8.40043538  5.94474986 -1.69411765]
[ 8.1490715   5.77087574 -0.37647059]
[8.13014382 6.9534361  0.89411765]
[ 8.09974698  8.09858921 -1.50588235]
[ 7.92708994  7.77954228 -0.16470588]
[ 9.04420139  8.03009908 -0.61176471]
[10.91913296  7.47357319 -2.18823529]
[11.00537191  5.87859061 -0.07058824]
[11.05078902  7.67833998 -0.42352941]
[11.12644299  5.97918233 -1.50588235]
[10.85039572  6.5511944  -0.14117647]
[11.20515045  4.02026333 -2.16470588]
[10.85055711  6.10220087 -1.6       ]
[11.22828137  6.79645632 -1.22352941]
[10.69890689  6.82732367 -0.28235294]
[11.37417005  5.85379321  0.42352941]
[10.6707674   8.17559507 -0.94117647]
[10.04427954  8.45218012 -0.44705882]
[11.59546453  7.47450614 -1.12941176]
[10.52867745  6.22770114 -1.71764706]
[10.49664485  7.55139242  0.23529412]
[11.7056401   8.75440028 -0.4       ]
[11.77378165  6.89940127 -0.96470588]
[10.2298024   3.82378565 -1.83529412]
[11.84427726  7.84996155 -0.21176471]
[10.14852947  7.72254713  0.32941176]
[10.10535257  8.87109177 -0.49411765]
[11.95448185  5.14484743 -1.10588235]
[ 9.94678502  9.92670314 -0.37647059]
[ 9.89596448  9.32543903 -0.58823529]
[11.45049578  6.94871393 -0.30588235]
[-11.22600923  11.61919791  -1.08235294]
[-10.47351097  11.09550551  -1.62352941]
[-10.34704686  12.42133185  -1.41176471]
[-10.12143272  10.87021246  -1.85882353]
[-9.8966774  10.37674264 -1.76470588]
[-9.74661159 11.15312016 -1.88235294]
[-9.2751512  11.64594205 -0.82352941]
[-9.05395427 12.42806109 -2.16470588]
[ 6.12234962 10.87918914 -0.25882353]
[-8.77134275 11.82767313 -0.16470588]
[-7.92897696 12.09873199 -2.16470588]
[-6.96999675 12.12574074 -2.07058824]
[-0.40200933 11.95468763 -1.08235294]
[-0.32851861 11.75506761 -2.04705882]
[-0.04988034  4.27482722 -2.09411765]
[-0.03030126 12.37588127 -0.94117647]
[ 0.27255726 11.60351724 -2.11764706]
[ 0.61940229 11.7998034  -2.02352941]
[-8.92214049 11.79748006  0.14117647]
[-12.50477418   8.15569055  -1.88235294]
[-12.49400564   8.87788981  -1.95294118]
[-12.5005962   11.64644199  -0.02352941]
[-12.47988815   8.44556961   0.58823529]
[-12.47740711  10.37360035  -1.29411765]
[-12.44689201   8.14445479  -0.14117647]
[-12.36933793  10.45289553  -2.07058824]
[-12.37621247  11.66949594  -0.49411765]
[-12.32962762   8.46974099  -1.36470588]
[-11.25099165   9.42839434  -2.07058824]
[-12.16979453  12.45056534  -1.64705882]
[-12.15378702  12.10221463   0.07058824]
[-12.045741     9.19481166  -0.94117647]
[-11.90163787  11.2211317   -1.81176471]
[-11.85418076  10.92213053  -1.97647059]
[-11.44758233  11.34912916  -0.23529412]
[-11.39599768  10.822294    -0.56470588]
[-11.39468682  12.47981747   0.68235294]
[-11.37299321  11.82075736   0.35294118]
[-12.24873181  11.40586906  -1.57647059]
[ 6.02083504 11.70548351 -0.63529412]
[12.47208058  7.10412639 -0.65882353]
[ 6.49977803  9.72218002 -0.42352941]
[ 6.52276673  8.77829927 -0.82352941]
[6.7998229  7.25251744 0.63529412]
[ 6.82195582  8.12354033 -0.61176471]
[ 6.92522039  9.42546105 -0.8       ]
[ 7.05237536  8.57444223 -1.34117647]
[7.12868433 7.94960812 0.02352941]
[ 0.77696711 10.4291361  -2.11764706]
[7.32944964 9.79897214 0.61176471]
[ 7.41960456  9.00528024 -1.34117647]
[ 7.45156697  7.15569585 -2.        ]
[7.45193425 8.07292092 0.65882353]
[ 7.47301461  8.05103116 -0.04705882]
[ 7.50225986  9.65322084 -0.07058824]
[ 7.65184673  8.05257537 -1.45882353]
[ 7.65084635 10.32309357 -1.62352941]
[ 7.87592124  7.90579397 -0.87058824]
[ 7.12562293 10.09845212  0.14117647]
[ 1.01985436 12.22733808 -1.29411765]
[ 1.27207159 12.42275152 -0.02352941]
[ 1.65449335 12.05347639 -1.38823529]
[ 1.90295178 12.29433619  1.27058824]
[ 2.29869478 12.44481349  0.49411765]
[ 2.45096869 12.12212085  0.47058824]
[ 3.5787156  10.97579032  0.25882353]
[ 3.79433314 11.24883054  0.11764706]
[ 4.42865201 11.17052067 -0.07058824]
[ 5.97009347 10.32744782 -0.44705882]
[ 4.52453209 11.6453301  -0.63529412]
[ 4.67291458 11.92016913 -0.37647059]
[ 4.77768593 12.17345305 -0.63529412]
[ 5.19805613 11.92279251 -0.09411765]
[ 5.3248267  11.62210245  0.49411765]
[ 5.32175123 11.87381003 -0.44705882]
[ 5.50456479 11.62483953  0.02352941]
[ 5.55210126 11.35255729 -0.28235294]
[ 5.92819635 10.45023332 -0.14117647]
[ 4.49710094 11.44992644  0.44705882]
