[10.40393761  5.51582824 -0.52798775]
[ 0.80184625  3.05991832 -1.12332052]
[ 3.18017552  3.10410193 -1.44913495]
[-10.02959573  11.92093568  -1.25550285]
[ 8.33749498 11.7407698   0.22652826]
[-12.25086788  11.90161615  -1.80448179]
[10.29546675  8.12344843 -1.67741935]
[ 8.84600684  6.7034514  -1.91493213]
[ 9.88616128  5.19248927 -1.92941176]
[11.9584584   5.59085589 -0.58039216]
[10.07696293 12.2847418   0.53262032]
[-12.04196774  12.15664808  -0.68235294]
[10.12809635  5.90827853 -1.79529412]
[-11.80127565  11.67447708  -1.09542484]
[ 9.58903567 11.23000988 -0.70588235]
[11.5038001   9.60531188  0.64313725]
[ 8.23568913 10.82863744 -1.80392157]
[ 9.62151157  8.32210723 -1.29803922]
[10.39366062  4.93308014 -0.98431373]
[-10.72879139  12.43069825  -1.61411765]
[11.59016592  5.6161108  -0.32941176]
[ 9.81768266 12.16093836  0.02352941]
[10.11902813  4.48285307 -1.72235294]
[11.0497917   9.97625288  0.12235294]
[12.09838743  6.95897104 -1.30823529]
[ 9.64729686  5.98454208 -2.02352941]
[ 9.9454019   1.4534404  -2.00588235]
[-12.27913768  10.96964915  -1.65294118]
[ 7.86906817  9.7574748  -2.        ]
[11.63245665  7.41062505 -1.12156863]
[11.6778308   6.69701958  0.64313725]
[ 9.40175975 11.0744087  -1.84313725]
[ 9.69279079  4.12716411 -2.02352941]
[ 8.72229592 10.20464902 -1.27843137]
[10.69065051  7.8570451   0.60392157]
[-12.31548927  11.86459658   0.        ]
[-10.01078232  12.34173405  -0.50980392]
[10.7065892   0.07355479 -2.11764706]
[-5.69392536 -2.67226043 -1.48235294]
[ 9.12408738  9.89079057 -1.03529412]
[11.77125853  2.27390254 -1.90588235]
[ 9.21064333  4.81758458 -2.        ]
[11.67146246  5.98635428 -0.68235294]
[ 9.46256901  7.84713657 -0.81176471]
[-10.73799276  12.43727843   0.18823529]
[12.36150051  2.61015293 -1.58823529]
[11.7592847   3.76206872 -1.84705882]
[10.04504515 11.86035243 -0.51764706]
[ 9.63820205 11.96588223  0.84705882]
[9.9993913  3.50994658 0.12941176]
[-12.23486474  12.23876043   0.07058824]
[-11.65829999  11.66350129  -1.44705882]
[ 9.93869226  8.03939946 -1.04705882]
[11.39582878  6.39733317  0.09411765]
[-12.15903269  11.70250428  -1.48235294]
[-11.0892648   11.5332707   -1.75294118]
[12.08556623  6.4732687  -1.82352941]
[ 9.24454888 11.91989702 -0.27058824]
[ 8.42577407 10.94849833 -0.51764706]
[10.58286171  5.77545163  0.25882353]
[10.7954387  12.27127036 -0.62352941]
[ 8.94897714 11.13540483 -1.85882353]
[ 8.98904638 11.29790053 -0.52941176]
[ 7.73791858 12.26397226  0.68235294]
[ 7.28962982  9.07174386 -2.12941176]
[10.62257268 10.72963348  0.61176471]
[10.63089331  8.85464179 -1.43529412]
[11.30302915  7.72050406 -1.17647059]
[11.28071989  7.6696033  -0.32941176]
[11.32218753  9.09999987 -0.82352941]
[11.12627973  7.42301006  0.23529412]
[10.67665212 -0.70534665 -2.02352941]
[10.7543901   8.57194452 -1.03529412]
[10.6239783   6.90475041 -1.97647059]
[12.40262323  2.57294346 -0.30588235]
[11.10419137  7.99504137 -1.15294118]
[10.77001144  3.29600664 -1.85882353]
[11.07273383  2.2999177  -2.11764706]
[10.7691415  10.29500037  0.14117647]
[10.85514442  7.83007533  0.11764706]
[10.99737025  7.52162143  0.54117647]
[10.97270582  3.94599648 -0.37647059]
[11.34712174  4.52876805 -1.31764706]
[12.42506458  3.22996985  0.4       ]
[12.45499903  0.95528368 -2.02352941]
[10.85176875  9.40573272  0.02352941]
[10.85526059  9.44612071  1.15294118]
[11.10243987  9.60350964  0.32941176]
[12.09660357  1.87689047  0.8       ]
[12.06962442  7.52214593 -1.05882353]
[12.07683503  3.84861601 -2.02352941]
[12.10181274  6.4451006  -0.07058824]
[12.04977804  4.67377572 -1.62352941]
[12.15245229  3.53025878 -2.14117647]
[11.99872651  7.85192206 -0.21176471]
[12.17726378  2.42003487 -1.97647059]
[11.95491962  8.99927256 -2.14117647]
[11.90345519  3.24892503 -1.31764706]
[12.20315522  6.32273447 -0.58823529]
[11.79645689  1.42260763 -1.55294118]
[11.78064376  7.45208198  0.4       ]
[11.69541249  6.20289773  0.72941176]
[12.35294892  8.07291138 -1.78823529]
[11.67166586  4.99884432 -0.65882353]
[ 1.16249806e+01 -1.85541048e-03  3.05882353e-01]
[12.22356089  2.74472408 -1.05882353]
[11.59540597  0.74750832  0.65882353]
[12.2790072   8.07961343 -1.36470588]
[11.55485933  7.74446118 -1.48235294]
[12.34910193  6.2951494  -1.12941176]
[12.38073234  3.90562141 -2.02352941]
[12.36938346  5.80069382 -0.98823529]
[11.47334174  5.02364112 -1.12941176]
[11.42908405  8.47666138 -2.18823529]
[12.37468723  6.90449358 -0.11764706]
[11.42190279  5.89489079 -1.38823529]
[12.39445333 -2.95569966 -2.14117647]
[11.67154429  8.5267797  -0.58823529]
[ 7.79693293  9.02788718 -1.95294118]
[ 7.82898055  9.39504235 -1.31764706]
[ 8.02068073  8.25562673 -1.71764706]
[ 8.10168268 10.70273222  0.58823529]
[ 8.40309797 10.84496592 -1.05882353]
[ 8.52952429 10.67501831 -0.70588235]
[ 8.54548345 10.72316765 -1.38823529]
[12.42012385  3.723064   -1.55294118]
[8.76940826 9.77107283 0.56470588]
[ 8.97281972 12.40125855  0.63529412]
[9.07825243 7.82457598 0.51764706]
[ 9.09491542  5.82231904 -2.11764706]
[ 9.12552686  6.97549449 -1.83529412]
[ 9.15093082  5.05282579 -1.69411765]
[ 9.15045068  5.50572124 -1.97647059]
[ 9.2029055  11.53034521  0.58823529]
[ 8.74833246 11.0487036  -0.84705882]
[-12.40154624   4.39786352  -2.07058824]
[-12.34773027  11.74645967  -0.87058824]
[-12.35398193  12.02127675  -0.28235294]
[-11.8946504   12.34612832  -0.96470588]
[-11.8266172   11.55132203  -1.81176471]
[-11.56941403  12.37686124  -0.98823529]
[-11.3791553   12.19777737  -1.50588235]
[ 7.45432641 11.87245825  0.51764706]
[-11.14599307  12.12953218  -2.        ]
[-11.06987209  11.14485274  -1.05882353]
[-10.88072175  12.47190699   0.54117647]
[-10.32551421  10.5974256   -1.74117647]
[-9.39432966 12.45153032  0.56470588]
[ 1.97460942  4.07595393 -1.27058824]
[ 2.27702856  3.0529253  -2.16470588]
[ 7.43092123  8.20405358 -1.81176471]
[-11.30593108  11.57980396  -2.07058824]
[10.07837164 11.42926505  0.84705882]
[10.14413359 12.10246868 -0.72941176]
[10.21900266  8.65042393 -0.89411765]
[10.24409785 10.79628446  1.01176471]
[10.33066427  7.44693034 -1.88235294]
[10.32006687  8.72941032 -1.36470588]
[10.32574807 10.34884482 -1.15294118]
[ 9.27430019 11.47456148 -0.68235294]
[10.35303959  9.02378535 -0.21176471]
[10.42900259  5.53097191 -2.04705882]
[10.42027822  9.42769935 -0.89411765]
[10.4508642   8.94843374 -0.84705882]
[10.46918922  9.12986353  0.04705882]
[10.53039155  6.14878166 -1.76470588]
[10.52074784  7.54495238 -0.8       ]
[10.57369061 10.30122384 -0.94117647]
[10.34490568  3.57169729 -1.92941176]
[ 9.32260219 11.0490321  -1.31764706]
[9.39469406 9.84697564 0.65882353]
[ 9.3979556  10.02290947 -1.24705882]
[ 9.42691532  7.02238795 -2.04705882]
[ 9.47022882  8.7778317  -2.04705882]
[ 9.62123592  8.18009161 -2.11764706]
[ 9.64626576 10.0474093  -2.02352941]
[10.05565119 10.52995301 -0.42352941]
[ 9.83032607 10.37413695  0.70588235]
[ 9.82918764 10.72474389  0.77647059]
[ 9.82429757 11.79727926 -1.01176471]
[ 9.84555216  6.37352525 -1.50588235]
[ 9.89933372  7.65521519 -1.27058824]
[ 9.90268767  8.99530142 -0.94117647]
[ 9.97129518 11.52749014  0.49411765]
[10.02682467  9.22622356 -2.        ]
[9.75341339 9.05537729 0.42352941]
