[ 0.70607259  3.06553258 -1.0987731 ]
[-11.82814512   2.87687673  -1.56160991]
[ 3.06591964  3.44685217 -1.23471553]
[-12.17611384  -1.01599285  -1.28409391]
[ 3.18780217  2.77297864 -1.62455243]
[11.45322124  7.83643494 -2.09215686]
[11.88111161 11.36295391 -2.06042781]
[10.67894077  5.10582615 -2.10420168]
[12.0760404   1.81529179 -2.08888889]
[11.46945791  3.26437674 -2.1       ]
[12.25056117 -0.66995375 -2.08403361]
[ 9.42358517 11.03530724 -2.10084034]
[11.19951611  4.11803997 -2.06386555]
[ 8.96550539  5.56883364 -2.10588235]
[12.1176727  -1.66192641 -2.08823529]
[10.37408966  1.84329695 -2.12352941]
[10.48901141  6.2016448  -2.08823529]
[-12.46316587  -2.31857377  -0.97058824]
[12.34293834  5.471108   -2.08823529]
[ 9.75838727  7.38304138 -2.11176471]
[ 9.81619711  4.00021553 -2.14117647]
[-11.89421045  -0.32195634  -0.64313725]
[12.34882596  0.05652864 -2.07843137]
[-12.44555902   4.09859806  -1.30980392]
[-12.46961731  -7.9735528   -1.78039216]
[ 9.76900242 10.47454898 -2.09411765]
[10.82647815 -1.27308016 -2.14117647]
[11.68976398 -6.11219041 -2.17647059]
[11.92328967  2.78534999 -2.16470588]
[12.17512209 -3.04077711 -2.15294118]
[12.2511762   0.98761559 -2.08235294]
[12.2100576  -2.52489957 -2.01176471]
[10.06118155  6.79885783 -2.09411765]
[-12.28881027   2.21190587  -1.45882353]
[-11.96478083   3.48574105  -0.62352941]
[-11.77194221   0.43766797  -0.49411765]
[12.28607224  0.48590722 -2.15294118]
[-12.50499246  -6.548203    -0.28235294]
[-12.45553852   0.5970411   -1.97647059]
[-12.41949308   1.30029314  -1.45882353]
[-12.32901362   4.8470115   -1.71764706]
[-12.20106394   4.37853556  -1.17647059]
[-12.121815     1.67396286  -0.61176471]
[-11.99562711   1.57173765  -1.48235294]
[11.64903288 -3.47723136 -2.11764706]
[-11.97922918  -1.24400954  -0.21176471]
[-0.39665097  2.2744454  -1.95294118]
[11.15232556 -7.42560045 -2.16470588]
[10.82812562 -3.22433282 -2.09411765]
[ 7.2208162   6.20534699 -2.16470588]
[10.49420317  1.37023842 -2.11764706]
[10.49880775 -0.04796448 -2.16470588]
[ 8.12155363  7.27049889 -2.11764706]
[ 8.56939709  4.12864918 -2.16470588]
[ 8.57125986  4.52714656 -2.16470588]
[10.14883654  3.35030235 -2.09411765]
[10.155057    2.75474246 -2.09411765]
[ 8.77701456 11.82820425 -2.11764706]
[ 9.22468975  5.12788152 -2.11764706]
[ 9.3480645   4.45158051 -2.09411765]
[ 9.39628584  8.12686155 -2.07058824]
[ 9.59815563  7.80522295 -2.09411765]
[ 9.54764855  4.92236024 -2.11764706]
[ 1.79864748  4.10558788 -1.10588235]
