[ 0.76237676  3.07453783 -1.08797027]
[11.79299743  7.27873884 -0.7589921 ]
[12.13627615  1.2964283  -0.66985094]
[ 3.09691276  3.44851874 -1.31364413]
[ 3.17922324  2.75526256 -1.66250451]
[12.36835277  3.8146825   0.38477509]
[10.67606652 11.84958785 -0.24537815]
[10.68825617  9.10911997 -2.05042017]
[11.82195126  9.54618794  0.12941176]
[-9.29225473  7.99476022 -1.90588235]
[12.32447486 12.20647248  0.31176471]
[ 2.02996143  3.79716358 -1.78823529]
[10.37432612 11.67721827  0.2       ]
[11.86408582 12.17542194  0.82941176]
[12.29161689  3.17633009 -0.35294118]
[12.35513098  8.70879879 -1.67843137]
[12.39831857  4.39744058  0.49411765]
[10.20680915 10.40700297 -0.84705882]
[12.29533758  6.59922615 -2.0627451 ]
[11.87312935 -2.33829175 -2.08235294]
[12.03607331  5.56161738  0.83529412]
[11.90944674  9.76227808 -1.75294118]
[11.52345869  6.01272576 -1.83529412]
[11.83608828 11.69520594  0.70588235]
[11.79867659  1.91100715 -2.03529412]
[11.75007433 11.33369095 -1.05882353]
[11.90109779  9.5754423  -2.07058824]
[12.34221433 12.35023686  0.89411765]
[11.62662608 12.20087051 -2.04705882]
[12.24928467 11.19935937 -0.92941176]
[11.43724623  6.42545501 -1.62352941]
[12.07588927 11.0353443  -1.89411765]
[11.3957211   2.83778799 -1.85882353]
[12.32418292 11.77217399 -0.21176471]
[12.39050288 11.64969086  0.74117647]
[ 3.31400588  3.86265912 -1.77647059]
[10.48758697  8.21482704 -2.10588235]
[12.07165127 -0.90144905 -2.16470588]
[12.42896502  8.20153444 -0.51764706]
[12.42623573  1.07263884  0.89411765]
[12.15499539  8.07495722 -1.29411765]
[12.20042454  5.15378164  0.82352941]
[12.42556898  0.17530454 -2.09411765]
[12.403125   10.7756523  -1.41176471]
[12.40093347  9.57327125 -0.49411765]
[12.37074496  9.84472569 -1.48235294]
[12.37022484  8.49501961 -0.8       ]
[12.37163139 -3.18026016 -2.16470588]
[12.30379589 11.5520003   0.21176471]
[12.47134771  7.35047104 -1.95294118]
[-0.37496617  3.849736   -1.92941176]
[ 1.85144261  4.095609   -1.17647059]
[10.1301585  10.87961735 -2.16470588]
[10.3282007  12.40027739 -0.11764706]
[10.40434515 10.25094254 -2.09411765]
[10.45361223  7.89661438 -2.07058824]
[10.44631431  9.80223531 -2.18823529]
[10.72433005 11.75099991 -0.58823529]
[11.02914248  6.74477431 -2.18823529]
[11.10509623  6.21941068 -1.71764706]
[11.13063622 10.70342568 -2.04705882]
[11.153552    5.9508822  -0.56470588]
[12.44509531  1.69406506 -1.92941176]
[11.42606299 11.2764075   0.82352941]
[11.64544697 -1.89469391 -2.07058824]
[11.6804882   4.7531048  -1.43529412]
[11.72885911  8.75013001 -0.09411765]
[11.7556413  10.02828706 -1.43529412]
[11.79778212 -0.80362914 -1.97647059]
[11.79753439  7.51930061  0.09411765]
[11.80531388 10.25051225  0.56470588]
[11.82811896 12.153027    0.37647059]
[11.84713243  9.92746854  0.4       ]
[11.87962774  3.68006281 -0.82352941]
[11.92629095  9.27960979  0.8       ]
[11.39785244 -0.97934929 -1.95294118]
