[-10.69852401   1.76585714  -1.01972391]
[ 1.15337765  3.05246436 -1.1943948 ]
[-12.26834638  -5.69483859  -1.12268908]
[-11.78801995   5.19609969  -0.79411765]
[-11.98147389   2.47045819  -0.55764706]
[-12.3880915   -2.25649995   0.55529412]
[-11.84734342   0.5700323   -0.96732026]
[-11.07879728   5.59036648  -0.96470588]
[-12.32284451   5.46677645  -1.07294118]
[-8.96987648  6.25623694 -1.49411765]
[-10.83068539   1.04286876   0.52941176]
[-11.41201153   0.56291144  -1.23529412]
[-12.42916476   0.7059904   -0.91764706]
[-11.894028     2.04277469  -1.93529412]
[-9.98320095  6.31026415 -1.10588235]
[-11.14821982   5.04343266  -1.92941176]
[-11.71164094  -0.10093223  -0.84705882]
[-11.89815665   1.0131524   -1.27843137]
[-11.51538334  -0.55921156  -1.88235294]
[-10.26459558   6.23496011  -1.78823529]
[-11.74689737   7.07420619  -1.77647059]
[-10.91600671  -0.89965792   0.28235294]
[-12.43785544  -2.43584742  -0.10588235]
[-10.40288397   4.97028397  -1.82352941]
[-11.50066406   2.5262773   -1.94117647]
[-11.60784605   6.4097104   -1.71764706]
[-12.4407754    1.16285246  -1.43529412]
[-9.57139862  6.23412042 -0.84705882]
[-10.50171884   5.21918568  -1.50588235]
[-10.60358947   5.97835664  -0.98823529]
[-10.64637556   1.42202303   0.21176471]
[-10.74824327   4.22346101  -0.58823529]
[-10.84780362   3.46910566  -1.92941176]
[-10.84935716   2.74844724  -1.03529412]
[-12.47546246  -0.92491375  -2.02352941]
[-11.09792484   5.43048426  -1.85882353]
[-12.46951     -0.47090046  -1.03529412]
[-10.65434301  -0.54648502  -0.25882353]
[ 2.0717981   3.6779861  -1.90588235]
[ 2.00310461  4.07320529 -1.43529412]
[ 1.1056401   2.85201832 -1.95294118]
[-12.5004891    0.87946543  -0.47058824]
[-0.94835331  2.97787143 -2.14117647]
[-8.05515868  5.29706159 -1.31764706]
[-12.49539729   2.34437723  -0.47058824]
[-9.17806703  6.07199565 -1.90588235]
[-10.13033783   0.62574796  -2.04705882]
[-9.40204283  5.74583674 -0.30588235]
[-9.55144108  2.4713046  -1.88235294]
[-9.70097749  7.04833858 -1.55294118]
[-9.74436946  4.70269342 -0.14117647]
[-9.85134923  6.5720177  -0.91764706]
[-9.97471362  2.95509491 -0.54117647]
[-10.10068198   4.60299315  -0.30588235]
[-11.23006525   1.15511133  -1.34117647]
[-9.29664724  6.05399175 -0.98823529]
[-11.84544354   1.3023546   -0.44705882]
[-12.44652128   1.72512376  -0.49411765]
[-12.42260193  -1.2200128   -2.        ]
[-12.04427584  -1.27773436  -1.83529412]
[-12.4283227    2.34614808  -1.52941176]
[-12.06913444  -0.82136035  -2.02352941]
[-12.12687221   4.24663297  -0.44705882]
[-11.37856881   4.55130292  -1.85882353]
[-12.40554933  -1.00512997  -0.84705882]
[-12.17729987  -1.90458228  -1.81176471]
[-12.22803348   6.50395462  -1.34117647]
[-12.29857115   3.92359285  -0.42352941]
[-12.30293001   3.07409941  -0.87058824]
[-12.3944777    2.62038627  -0.4       ]
[-12.29812905  -2.27096607  -1.85882353]
[-12.37396392   1.42140668  -0.35294118]
[-12.12019392   1.90562915  -0.35294118]
[-12.47153082   6.65435473  -1.83529412]
[-11.35223632  -0.87366569   0.49411765]
[-11.39900848  -0.15294075  -1.88235294]
[-11.40017305  -2.10553358  -1.24705882]
[-11.43014318   5.38075556  -2.        ]
[-12.45397328  -5.47079695  -1.76470588]
[-11.55275883   5.47907394  -1.48235294]
[-11.82220099   4.82591278  -1.45882353]
[-11.55163607   0.33004624  -0.77647059]
[ 2.19416243  2.9728814  -2.02352941]
[-11.62199664   5.05202026  -1.64705882]
[-11.62580079   1.17411501  -1.88235294]
[-11.67504463   4.04608426  -1.15294118]
[-11.74708301   6.02339027  -1.69411765]
[-11.80288144  -0.92313429  -1.52941176]
[-11.79675203  -1.54460433  -2.09411765]
[-11.54742874   2.84686364  -2.04705882]
