[ 0.72160318  3.10868628 -1.04008144]
[ 3.17316693  3.39499959 -1.27354132]
[ 3.22976206  2.70334041 -1.67264022]
[12.10866242  8.81222956 -1.12142472]
[12.16747986  8.53069723 -1.95176471]
[12.42503088  0.90789235 -0.67941176]
[12.38286186  3.88762608 -1.99686275]
[12.19074682 11.19363509 -0.11092437]
[12.34390167  9.84925158 -1.53529412]
[-8.43105292  8.54785704 -1.98235294]
[12.28514442 10.66113284 -0.53109244]
[12.06456209 -1.3491228  -2.07647059]
[12.37785549  7.74175988 -0.82352941]
[11.97591377 -2.47877546 -2.08627451]
[12.38254576  8.25563597 -0.38431373]
[11.73234429  9.75778608 -0.83921569]
[ 2.07301063  3.76514096 -1.61568627]
[12.46158349  6.79537735 -1.77647059]
[11.12630612  6.82437519 -2.08235294]
[12.27534649  2.93980487 -2.15294118]
[12.15354437  2.53628664 -2.09411765]
[12.46007607 11.01455357  0.82352941]
[12.35299484  4.88810636 -0.65882353]
[-6.42736618 -0.46074501 -1.61176471]
[12.00164796 -2.89834754 -2.04705882]
[12.0248089   6.82970257 -2.10588235]
[12.38960114  7.21423397 -1.23529412]
[12.34908261  9.65162584 -1.90588235]
[12.19527948 -0.45249816 -2.11764706]
[12.40445102 12.05575054 -0.42352941]
[12.46910747 10.7050459   0.58823529]
[12.3240835   4.95563686 -1.90588235]
[12.47451381 -1.25420007 -2.16470588]
[12.45124022 11.07509016 -2.02352941]
[12.40500553 10.00594317  0.56470588]
[12.3201084   3.67034939 -0.42352941]
[-2.4454454   0.97549017 -1.17647059]
[-0.37608159  2.19520974 -1.81176471]
[ 1.27870591  3.027687   -1.88235294]
[ 1.92383622  4.12434031 -1.29411765]
[ 1.97791317  4.19645856 -1.62352941]
[11.62231388  9.419905   -2.04705882]
[11.65532767  8.92893816 -2.11764706]
[11.77303964 11.72493888 -0.09411765]
[12.47656779  8.67874923 -0.75294118]
[11.84592075 10.95346133 -0.44705882]
[11.92712381 12.39467883 -2.07058824]
[12.0249946   3.23073223 -1.97647059]
[12.02056962 12.12040757 -0.11764706]
[12.10526953 11.174475   -2.        ]
[12.14807286 -3.97012174 -2.07058824]
[12.1557429   5.59437923 -1.90588235]
[12.17995183  0.02934981 -2.09411765]
[12.20095982 -2.04966072 -2.11764706]
[11.82583647  7.32939793 -2.09411765]
