[ 1.02931586  3.07945209 -1.11096781]
[ 3.233617    2.68639766 -1.6845904 ]
[11.64693882 10.09670243 -2.13529412]
[ 9.34916435 12.09816649 -2.08235294]
[12.35133345  8.87665397 -2.10588235]
[-5.07065182 -3.32901495 -0.77647059]
[-1.52765166 -5.50155782 -1.34117647]
[-0.92046237  2.92282541 -2.09411765]
[ 0.40430354 -6.4745568  -1.29411765]
[ 1.94471022  4.03091524 -1.43529412]
[ 3.49806691  3.49858496 -1.92941176]
[ 9.85074304 11.40581309 -2.11764706]
[10.25202755 11.19403607 -2.11764706]
[10.72750057 10.9496835  -2.07058824]
[11.57995139  9.65521209 -2.11764706]
[11.82394655  9.14448917 -2.09411765]
