[ 1.00529694  3.11019032 -1.1322742 ]
[ 3.13527141  2.72029461 -1.6271035 ]
[11.00017108 -5.63111463 -1.71830065]
[11.20736966  9.85692788 -2.1254902 ]
[12.31472069 12.3290757  -2.11294118]
[10.8644921  10.43721096 -2.11764706]
[10.07271223 11.5400522  -2.11764706]
[12.32730197  8.24706008 -2.10588235]
[11.57811633  9.07518799 -2.09411765]
[10.39847136 10.95253275 -2.15294118]
[-11.37706513  -8.01408768  -2.07058824]
[ 9.74933261  5.42636484 -2.18823529]
[ 9.67506222 11.82896037 -2.16470588]
[ 9.60483246  8.72028825 -2.16470588]
[ 9.27517831 12.15491331 -2.09411765]
[ 9.22336617 11.80372355 -2.18823529]
[ 2.04926947  3.80439795 -1.78823529]
[11.90335121  4.04406839 -2.11764706]
[ 1.87462733  4.09891383 -1.27058824]
[12.38054016  7.62957382 -2.04705882]
