[ 0.69933504  3.06413258 -1.08040441]
[ 3.14749984  3.18600025 -1.40336134]
[ 7.91586995 11.02432342 -1.26666667]
[ 1.91236034  4.19491243 -1.36862745]
[11.17513919 10.03222271 -2.10980392]
[-0.42332451  3.57803359 -2.14117647]
[ 8.40393865 11.47825389 -2.16470588]
[ 9.15095519 12.35349259 -2.14117647]
[ 9.34546728  2.82549746 -2.18823529]
[ 9.77402215  8.77877999 -2.14117647]
[11.02437197 10.447931   -2.16470588]
[12.0553993   5.39843653 -2.16470588]
[12.2219124   9.15227815 -2.16470588]
[12.32449861  3.53037934 -2.09411765]
