[ 1.21241727  3.07835632 -1.15551613]
[11.58511294  7.47739402 -2.09576883]
[ 0.34901389 -6.32976323 -1.58127251]
[11.31760065  3.62145115 -2.09882353]
[11.89378896 11.842695   -2.06494118]
[ 5.43840278  3.30973517 -0.93109244]
[10.32225684  6.28058653 -2.0745098 ]
[12.08898995 -2.96660196 -2.10980392]
[10.4386184   1.38837189 -2.1       ]
[12.16449928  0.89951556 -2.08823529]
[12.12552702 -0.46593199 -2.11764706]
[ 9.53103756  8.08094914 -2.14901961]
[11.86681653  1.35110192 -2.08627451]
[-0.95225296  2.87664178 -2.0627451 ]
[ 1.86029081  3.9735339  -0.94901961]
[12.17460303  0.20038387 -2.0627451 ]
[10.33213665  2.65778404 -2.14117647]
[12.35035938 -1.27409753 -2.08235294]
[10.0985168   3.54989312 -2.10588235]
[ 9.96390172  4.25373752 -2.10588235]
[ 9.99905654 10.66345917 -2.10588235]
[ 9.83353577  7.43957679 -2.12941176]
[ 9.76344288 11.08775686 -2.07058824]
[ 9.40921834  5.20077047 -2.10588235]
[ 9.35314398 11.37677713 -2.12941176]
[ 5.7049911   2.54499068 -0.97647059]
[11.97321203 -4.36044847 -2.09411765]
[10.8464039   0.0737331  -2.09411765]
[12.16986289 -0.89832151 -2.14117647]
[10.83059798 -1.40320851 -2.09411765]
[11.67422814 -5.47033561 -2.11764706]
[12.44741356 -2.07760349 -2.07058824]
[10.771751    0.4706207  -2.16470588]
[10.62588251 -2.58037664 -2.18823529]
[10.7757123  -1.02547536 -2.11764706]
[-0.06967267  3.6260344  -2.07058824]
[ 1.07310956  2.87587425 -1.90588235]
[ 2.04560751  3.50148669 -1.81176471]
[ 2.39405684  3.09744105 -0.98823529]
[ 2.70440687  1.34728848 -1.10588235]
[ 7.92419439  6.17991599 -2.09411765]
[ 8.19702435  5.37071438 -2.14117647]
[ 12.40182215 -10.37785795  -2.16470588]
[ 9.14983488  5.75237196 -2.16470588]
[ 9.20486714 11.75432492 -2.11764706]
[ 9.34913864  7.72187007 -2.09411765]
[ 9.82326894  0.80131123 -2.09411765]
[10.01937526 -0.77438066 -2.09411765]
[10.04503008  6.92721845 -2.07058824]
[10.42414894  9.94902857 -2.07058824]
[10.49846503  1.92656308 -2.02352941]
[ 8.8947504   3.73014901 -2.09411765]
