[ 0.9871807   3.09696731 -1.17623751]
[ 3.20303734  2.70626461 -1.71209353]
[-7.71028697  8.77590221 -1.88512111]
[12.36396162  9.09702146 -1.30823529]
[12.40839736  8.91400432  0.87058824]
[ 2.08251564  3.77408199 -1.88235294]
[12.3791823   9.82821042 -1.30588235]
[-0.92802418  2.91946704 -2.09411765]
[11.67186837  6.79862559 -2.14117647]
[11.81980198  6.47131568 -2.16470588]
[12.09503108  9.67831026 -1.38823529]
[12.14497159  7.42307189 -2.09411765]
[12.17013879 -2.45557907 -2.02352941]
[12.45368169  6.75146381 -2.09411765]
