[-7.88963786  6.21880502 -0.82804672]
[ 0.73351331  3.07069241 -1.13115375]
[ 3.11140387  3.13277895 -1.46703721]
[-9.31860347  8.51445074 -0.86877828]
[-5.60217947 10.95664067 -1.67226891]
[-11.77276987   3.21788116   0.75294118]
[-12.38557913   4.17534857   0.57254902]
[-10.47120107   4.46834576  -1.74509804]
[-8.02730852  8.10944478 -0.00941176]
[-6.06859956 12.33789148 -0.92235294]
[-5.77559737 12.25324197 -1.63764706]
[-5.49464351 10.99166431 -0.97882353]
[-8.07237905  9.94023635 -0.44117647]
[-4.50614799 10.64587779 -1.49411765]
[-5.25666337 10.38409965 -1.52352941]
[-9.51696461  5.37289795 -0.98823529]
[-5.42623196 11.62724282 -2.09411765]
[-11.11440772   5.26147766  -1.96078431]
[-5.18150244 12.11610614 -1.43529412]
[-9.4418011  11.03083053 -1.49019608]
[-10.76910592   4.73341583  -1.99215686]
[-7.95690861 10.4738379  -0.89411765]
[-3.94633068 10.6329217  -1.35686275]
[-10.04268082   4.21895671  -1.63921569]
[-8.56243453  6.35257675 -1.69411765]
[-8.79811359  6.39649862 -0.72941176]
[-8.82459969  7.14786526 -0.83529412]
[-8.96193507  9.23903516  0.12941176]
[-9.02440938 11.10170222 -1.83529412]
[-9.00966256  8.92459867 -0.62352941]
[-9.12474054  9.08648645 -1.6       ]
[-9.48722541  7.82438376 -1.14117647]
[-9.45899309  5.74935538 -1.24705882]
[-8.32511817  8.44939963 -0.76470588]
[-8.37596076  8.66190664 -1.24705882]
[-8.03556375  9.50802719 -0.64705882]
[-7.92110813 11.53305327 -0.25882353]
[-7.86449811 11.06200648 -0.17647059]
[-7.50030904  8.6115557  -1.22352941]
[-7.38602674  8.00057311 -0.37647059]
[-9.68329277  5.45026238 -0.61176471]
[-6.74986762  8.79607672 -1.75294118]
[-6.49811952 12.34886837 -1.30588235]
[-6.37137833 10.662143   -0.92941176]
[-6.34002414 11.43259082 -1.82352941]
[-6.25886978 11.21497565 -0.85882353]
[-5.95813313 11.32655492 -1.08235294]
[-4.06412871 11.27965623 -1.37647059]
[-5.75066219  6.38916522 -0.24705882]
[-9.66289348  6.34551979 -0.49411765]
[ 1.94986676  4.21024293 -1.58823529]
[-11.77568025   4.88711978  -0.18823529]
[-9.67017011  6.25011064 -1.8       ]
[-9.79689806 11.70360142 -1.87058824]
[-11.68373823   3.68625223  -1.27058824]
[-9.97852039  7.69780963 -0.88235294]
[-10.42531558   8.04934307  -0.76470588]
[-10.2869275    7.06004022  -0.62352941]
[-10.77753631   2.44488006   0.16470588]
[-6.49674919  8.70524878 -0.4       ]
[-6.44491467 11.67937545 -0.94117647]
[-10.82712917   5.85285457  -0.89411765]
[-10.89995357   5.12651875  -0.75294118]
[-10.94976715   3.32630478   0.68235294]
[-6.16960358 11.87406855 -1.05882353]
[-6.08017008 11.22704191 -1.6       ]
[-6.02756393 10.5469509  -0.37647059]
[-10.84968069   8.45353956  -0.77647059]
[-6.61954305  8.5948763  -0.75294118]
[-11.39602814   3.06989353   0.75294118]
[-10.70289703   6.07176177   0.02352941]
[-6.84401352 11.1729246  -1.17647059]
[-6.84413355  8.29821144 -0.70588235]
[-7.19925782 10.22982457  0.21176471]
[-7.23096584  9.00000463 -1.31764706]
[-10.54663973   5.18047165  -1.83529412]
[-7.54647445 10.75305606 -1.10588235]
[-10.548994     6.12429828  -0.89411765]
[-7.57120613  8.29792536 -0.87058824]
[-7.59770596  9.99753251 -0.16470588]
[-7.60275327  9.57538182 -0.65882353]
[-6.62161668  8.57652973 -0.04705882]
[-12.49578211   3.59980726   0.82352941]
[ 1.87376911  4.08077911 -1.17647059]
[-0.0944025   3.7242864  -2.04705882]
[-12.4716489    3.40270831  -1.62352941]
[-3.59439037  8.67882957 -1.05882353]
[-3.75082663  8.8239803   0.04705882]
[-3.77919926 10.72217574 -1.69411765]
[-12.34579887   2.77357124   0.94117647]
[-12.17403189   5.72401116  -0.47058824]
[-4.62355681  9.40299372  0.        ]
[-12.07679569   4.72308781  -1.05882353]
[-4.76992203 10.99857482 -1.36470588]
[-11.52346882   5.64979819  -0.30588235]
[-5.2050747   7.45269251 -1.92941176]
[-12.04739979   1.99744704   0.11764706]
[-5.29617142 11.70403154 -1.74117647]
[-5.29894907 10.74801045 -1.2       ]
[-11.85236686   4.99622558   0.16470588]
[-5.72768742 11.28077069 -0.82352941]
[-5.7198039  10.42064008 -0.89411765]
[-11.61987834   3.43099938   0.54117647]
[-5.82802794  7.09777121 -1.01176471]
[-5.87379377 11.70283458 -1.01176471]
[-5.92039455 10.05179433 -0.89411765]
[-7.62445854 11.08062807 -0.82352941]
[-11.47699088   5.74834464   0.09411765]
[-4.85573522 12.4514213  -1.55294118]
[-8.85256505 10.45077882 -1.01176471]
[-10.15304446   4.07926568  -1.2       ]
[-8.87581804  6.42992054 -0.4       ]
[-10.09539433   5.49886283  -0.89411765]
[-8.92020977  6.03031449 -0.54117647]
[-8.94651222  6.57924862 -1.48235294]
[-8.97466931 11.53066574 -1.27058824]
[-10.02148195   7.93047165  -1.22352941]
[-8.97552793  7.27023437 -0.47058824]
[-9.02265283  5.77564944 -0.70588235]
[-10.0057733    5.72067741  -1.17647059]
[-9.0441204   7.69926118 -1.6       ]
[-7.69425355  8.72393044 -0.68235294]
[-9.99527141 11.47094604 -1.36470588]
[-9.16995701  6.15452293 -1.50588235]
[-9.29860169  9.25408763 -1.12941176]
[-9.29904462  6.6965402  -0.65882353]
[-9.29472115  6.37432183 -0.91764706]
[-9.32749417 10.9458989  -0.96470588]
[-9.97775506  4.57441605 -1.74117647]
[-9.84881756  9.90449039 -1.78823529]
[-9.67045074 11.80545362  0.02352941]
[-9.74729041  6.49525968 -1.57647059]
[-9.67434065  4.52276643 -1.45882353]
[-9.75543409  8.14539352 -1.36470588]
[-9.72145145  9.10084795 -1.12941176]
[-9.04770911  5.71949079 -1.88235294]
[-7.67671921  7.72894981 -0.09411765]
[-7.677849    7.61904607  0.37647059]
[-7.72565273 11.06984119 -1.27058824]
[-7.82043262 11.30594036 -0.98823529]
[-7.81945971 10.69859341 -0.65882353]
[-10.49545026   4.57148706  -0.70588235]
[-7.87476948  8.97206318 -1.2       ]
[-10.44752484   5.89686632   0.02352941]
[-8.05020833 11.75320333 -0.89411765]
[-10.42131092   6.76961834  -2.        ]
[-10.42075052   7.37570324  -0.91764706]
[-8.14800131  8.52623458 -1.36470588]
[-8.8292423   5.98079178 -1.34117647]
[-8.20332911  9.86970538 -0.96470588]
[-8.20299899  6.52421052 -0.91764706]
[-8.25257082  7.94509892 -1.24705882]
[-8.32905884  7.97881843 -0.89411765]
[-8.32099207  6.24885969 -1.90588235]
[-10.25598071   6.43052214  -1.81176471]
[-8.47541125  9.02487768 -0.4       ]
[-8.52913981  7.57718297 -1.71764706]
[-8.57819814  6.97241917 -0.63529412]
[-10.20262029   5.0257491   -1.95294118]
[-8.7549836  12.10344079 -0.30588235]
[-8.76974043  7.52813911 -0.91764706]
[-8.77016136  7.42059892 -1.62352941]
[-10.29551751   5.17103337  -1.67058824]
