[ 0.68748135  3.13343927 -1.14653835]
[ 3.01180643  3.50688628 -1.35624355]
[ 3.18517271  2.77974176 -1.69476673]
[ 8.00697162 -4.77004178 -1.57444219]
[  0.49507891 -12.46503177  -1.81390374]
[ 1.97824764  3.56211559 -1.89411765]
[-3.88021154 -3.83082785 -0.70588235]
[-2.77576645 -1.90417669 -0.87058824]
[ 2.02509201 -6.32234127 -1.01176471]
[ 9.75061114 -8.65453373 -2.16470588]
[10.12341355 -5.48035868 -2.09411765]
[10.14943463 -8.45404541 -2.16470588]
[12.15517729 -9.20418855 -2.16470588]
[12.42322185 -4.04527014 -2.09411765]
