[ 1.10120485  3.0948204  -1.12306162]
[12.37408637 12.27054984 -2.05647059]
[ 2.0863088   3.46699085 -1.84313725]
[-0.93938479  2.91956953 -2.09411765]
[10.35062871 11.19089721 -2.10588235]
[12.40564995  2.6274444  -2.16470588]
[12.22368729  8.82656983 -2.11764706]
[11.90067856  9.07458051 -2.11764706]
[11.77199829  9.40394975 -2.07058824]
[11.62108086  8.97027974 -2.16470588]
[11.49639615 10.14612204 -2.11764706]
[11.22982459  9.74715072 -2.07058824]
[12.45534524  2.25395943 -2.04705882]
[10.94408204  2.4051256  -2.14117647]
[ 9.42568997 11.94533541 -2.07058824]
[ 1.92609244  4.07892129 -1.27058824]
[ 0.02020602 -6.50253329 -1.34117647]
[-5.6298488   0.82698318 -0.98823529]
[11.01964094  7.14726127 -2.18823529]
