[ 0.77979537  3.06875194 -1.11500016]
[ 3.12524505  3.37613744 -1.27458216]
[ 3.19711335  2.67004496 -1.65121107]
[ 4.38139631 -6.28215622 -1.55336898]
[11.43167497  3.02156612 -2.08459384]
[11.93268911 -0.61504716 -2.09495798]
[12.0984291   6.67993851 -2.10021786]
[11.35043854  8.5103016  -2.1145098 ]
[12.10674074 12.10816239 -2.09411765]
[10.14790241  3.30102527 -2.09117647]
[ 9.35167776 12.00753309 -2.12941176]
[11.63651542 -3.70565005 -2.08235294]
[10.39374124  6.57428207 -2.08235294]
[11.02993952 -5.5754825  -2.13333333]
[ 11.25233068 -10.14418054  -2.14117647]
[11.42655433 -4.41920817 -2.14901961]
[10.54012332  1.68149133 -2.08627451]
[12.30118569 -7.72589407 -2.14901961]
[10.43738879 -2.93447604 -2.12941176]
[12.21003519 -8.54203445 -2.10588235]
[10.85039004  0.86600576 -2.14117647]
[10.82504997 -0.28984564 -2.05882353]
[ 9.740096    7.76369999 -2.10588235]
[10.57585359 -2.17524056 -2.12941176]
[ 1.91076934  4.10557126 -1.18823529]
[10.73944749  9.72770859 -2.09411765]
[10.33849006 10.55483176 -2.10588235]
[ 9.45096176  1.93704551 -2.10588235]
[11.02554582  5.49842263 -2.09411765]
[10.24895082  2.33915275 -2.08235294]
[ 8.82653097  6.62994119 -2.18823529]
[11.00203822 -0.74938782 -2.11764706]
[11.02803011  5.05598842 -2.07058824]
[ 10.99564889 -10.50059363  -2.11764706]
[ 8.98068783  6.10580358 -2.11764706]
[11.00491134 -6.37229481 -2.14117647]
[ 8.12044623 -5.5530488  -2.18823529]
[11.2294134  -5.00168566 -2.14117647]
[ 5.59595383  3.15033027 -0.96470588]
[ 2.04522965  3.77617891 -1.76470588]
[11.56948296 -9.87374028 -2.11764706]
[11.65058962 -2.82261569 -2.09411765]
[11.67205223  1.17302359 -2.14117647]
[ 1.86917215  4.19724767 -1.6       ]
[11.79687876 -3.10429346 -2.16470588]
[ 1.22013869  3.22038732 -1.95294118]
[11.84886638 -2.56991006 -2.07058824]
[12.44463096 -6.55281776 -2.07058824]
[ 8.92380677 -8.9995453  -2.14117647]
[ 9.55400788 -5.22086912 -2.11764706]
[ 9.57574685  8.19985212 -2.16470588]
[ 9.64766999 11.62341569 -2.11764706]
[ 9.669737    5.24489221 -2.11764706]
[  9.85375364 -11.24931881  -2.11764706]
[ 9.84798622  0.64770321 -2.09411765]
[ 9.92142992 11.33012017 -2.11764706]
[ 9.95009901  1.80468998 -2.11764706]
[ 9.94858275  4.37108893 -2.11764706]
[ 9.40325585 -5.82410884 -2.14117647]
[10.76970977 -1.65274417 -2.09411765]
[10.15555282 -4.05011717 -2.11764706]
[ 10.34593997 -11.22839987  -2.16470588]
[10.42458074  2.09927567 -2.11764706]
[ 9.19741812  3.12541227 -2.16470588]
[ 10.54849979 -10.52420697  -2.11764706]
[10.62658465  5.62860347 -2.16470588]
[10.64990831  1.12829724 -2.02352941]
[10.6776394   6.2459146  -2.11764706]
[10.75594686 -3.17869737 -2.18823529]
[10.82892368  5.92862327 -2.07058824]
[10.85152686 -1.0709707  -2.11764706]
[ 10.03074904 -11.60076373  -2.18823529]
