[ 0.78189318  3.05116141 -1.11032599]
[ 3.18525686  3.34276966 -1.28655133]
[ 3.19327129  2.6417541  -1.64929263]
[11.94711024 11.8751381  -2.04357298]
[-6.43207569 -4.33819102 -1.81900452]
[12.16486454  7.26857858 -2.10135747]
[11.3560698   8.61903527 -2.09019608]
[-8.85975601 -8.92096383 -1.99215686]
[10.81599025  9.29090252 -2.1       ]
[10.95106184  6.14221759 -2.10196078]
[ 9.44044044 11.39718996 -2.1254902 ]
[12.0467057   3.01052633 -2.11764706]
[10.77747187  6.60814758 -2.15294118]
[ 9.84878839 10.97262906 -2.11764706]
[11.75386561  4.19580758 -2.08235294]
[11.61334143  4.65422003 -2.08235294]
[11.66164904  5.16649934 -2.10588235]
[11.47596355  9.70306445 -2.04705882]
[11.77278312  9.77761081 -2.02352941]
[11.79644327  3.72562798 -2.09411765]
[12.24819351  1.57576821 -2.09411765]
[12.22660491  2.69982849 -2.16470588]
[12.05566684  9.92636405 -1.90588235]
[12.47436307 10.47441958 -2.09411765]
[11.40036734  5.44895573 -2.09411765]
[10.40523848 10.31977574 -2.14117647]
[10.21948734  3.75398979 -2.07058824]
[10.15291681  7.62882769 -2.07058824]
[ 9.88035845  7.9796656  -2.11764706]
[ 9.54496703  3.55039188 -2.09411765]
[ 9.02939202 11.64597891 -2.09411765]
[ 5.75321677  2.69747135 -0.98823529]
[ 3.92306919  2.74899284 -0.87058824]
[ 2.24772952  3.25190392 -2.04705882]
[ 2.09528059  3.52080943 -1.83529412]
[ 1.95282038  4.04588377 -1.36470588]
[-4.64899384 -3.54962228 -1.05882353]
[12.32386251  3.25566281 -2.09411765]
