[-4.67051582  8.6284289  -0.63571351]
[ 1.09155108  3.09110709 -1.1826023 ]
[ 4.97450051 10.18854469 -0.29693455]
[ 3.10418442 11.09298618 -0.08150043]
[ 0.89009526 10.62329374 -0.511188  ]
[ 3.58061562 10.03212735 -0.24761905]
[-3.82520959  7.9198869  -2.00213904]
[ 0.08168673 11.91332158 -0.38088235]
[-12.14541556   6.96469829  -0.38930481]
[-1.92219467 10.58954513  0.30374332]
[ 3.15416112 11.71859919 -0.39529412]
[-6.43380401  9.76868205 -1.22875817]
[-9.43425939  8.88445426 -1.65588235]
[-11.86879483   9.19711985   0.26554622]
[-0.42454771 10.3517146  -0.35966387]
[-9.37718585  8.65438997 -0.23193277]
[-11.07509111   6.6952803   -0.04033613]
[-9.87123284  9.65505491 -1.01960784]
[-3.32810511 10.17463476 -1.6745098 ]
[-7.05907572  9.60309975 -1.24705882]
[-1.61052229 10.3846409  -1.87058824]
[-6.44059675  9.64871501  0.45882353]
[ 2.82949594 10.26639233  0.02745098]
[-1.25313246  9.71197215 -1.58823529]
[-8.96570626  9.40063368  0.12705882]
[ 4.46010909 10.38492795 -0.25882353]
[ 4.28929474 11.92688689 -0.50823529]
[-10.12817952   8.7257857   -0.81176471]
[ 2.76699642 10.74382267  0.20588235]
[-0.66220858 11.12140587  0.37058824]
[-4.58741428 10.59978888 -0.31176471]
[-4.65572377 11.06006876 -1.60588235]
[-1.23375552 10.30312521  0.15294118]
[-8.91761112  8.61376369 -1.88235294]
[-9.47893584  7.83612969  0.37647059]
[-5.23733804  9.59990295  0.54901961]
[ 1.65476906 12.04732483 -0.26666667]
[-0.48973736  9.44389568 -0.83921569]
[-2.39158928  7.7564461  -0.76862745]
[-4.655554    7.46156135 -2.09411765]
[-0.04116165  9.82180554  0.07843137]
[-4.3846016  12.04737858 -2.11764706]
[-3.53667838 10.47892673 -1.52156863]
[-10.14861065   9.5953687   -0.37647059]
[ 0.99844603 11.25576239 -0.93333333]
[-4.27484198  8.73805803 -1.92156863]
[-1.72446267  9.98890877  0.2       ]
[-5.37976514 10.25498758  0.34117647]
[-5.13906116  7.32086981 -2.03529412]
[-5.20370497  7.54918973 -1.76470588]
[-2.27867862  9.5138675  -1.72941176]
[-3.77433417 10.6233588  -0.03529412]
[-5.98339549 11.12528392 -1.35294118]
[ 6.26334533 10.72115253 -0.36470588]
[ 6.0204711  10.9039366  -0.49411765]
[ 5.84716282  8.37028971 -1.43529412]
[ 5.82481077  9.27223539 -0.57647059]
[ 4.6141575  11.45730313 -0.52941176]
[ 4.42378209 10.92052007 -0.52941176]
[ 3.95168993 12.36065045 -0.42352941]
[ 3.49961018 12.435015   -0.56470588]
[ 2.96416648 11.05967746  0.98823529]
[ 2.42565419 12.105116    0.12941176]
[-5.83572975  8.86117536 -1.08235294]
[ 1.94955975 10.83858946 -1.89411765]
[ 1.63542897  9.67425886 -1.77647059]
[ 1.0650327  10.25193546 -1.41176471]
[ 0.72540741 11.66324617 -0.87058824]
[-0.23789771 12.3375042  -0.30588235]
[-0.18238699  9.44838673 -1.11764706]
[-0.33625398 10.85120827 -1.90588235]
[-0.81515847 12.30871832 -0.85882353]
[-0.78186613  9.63319433 -1.35294118]
[-0.71234994 11.18766271 -1.61176471]
[-1.44782826 12.23652982 -0.96470588]
[ 2.37463734 11.61007424 -0.55294118]
[-10.27653228   9.21187819   0.75294118]
[-10.09086348   9.56373538   0.31764706]
[-10.37298267   9.3154229   -0.14117647]
[-10.62528427   7.82393911  -1.96470588]
[-8.63823782  9.84008534 -0.11764706]
[-11.61077342   6.72640185   0.        ]
[-11.76428392  10.9508853   -0.36470588]
[-11.7863143    9.49700476   0.72941176]
[ 6.09605946  8.90031828 -1.12941176]
[-6.18820643  9.07236385  0.43529412]
[-12.33539709   8.91278108   0.16470588]
[ 1.52086169 11.65367843 -0.42352941]
[-10.24410904   9.0044173   -1.76470588]
[-10.15427226   7.99620128   0.58823529]
[-9.65112898  7.80480049 -2.07058824]
[ 0.32022853  7.97116939 -1.52941176]
[ 0.30303057 11.30063244 -0.4       ]
[ 0.17959792  9.84735653 -1.48235294]
[-0.6518963  11.63067554 -1.81176471]
[ 0.07338657 10.37273933 -0.42352941]
[ 0.05489412 10.17006081 -1.85882353]
[-0.02537112  9.35462231 -1.43529412]
[-10.02043338   8.07731674  -1.76470588]
[-10.02340946   8.40404689  -1.76470588]
[-9.99873244  9.10135897  0.63529412]
[-0.62179706  9.77366465  0.18823529]
[-0.27868996  9.94433382 -1.81176471]
[-9.67895683  8.34794865 -0.42352941]
[-9.87009968  6.57030458 -1.90588235]
[-0.3247113  10.57572141 -0.51764706]
[-0.50191768 10.19493277 -1.24705882]
[-9.88002988  8.12259732  1.12941176]
[-0.46955807 10.20397799  0.42352941]
[-10.2555633    7.87290865  -1.85882353]
[-12.45306893   6.62302111  -0.8       ]
[-12.4530052    7.47599506  -0.16470588]
[-12.39519884   7.14713941  -0.82352941]
[ 5.4944162  11.37708283 -0.44705882]
[-12.39653616  10.02235465   0.18823529]
[-12.3041978    9.14401266  -0.30588235]
[-11.97153517  10.49969773   0.30588235]
[-11.89796252   7.54631412  -0.04705882]
[ 3.84488127 12.12376381 -0.16470588]
[-11.70445777  10.34531321   0.65882353]
[ 3.11989373 10.54864702  0.09411765]
[-11.12611629  10.44689367  -0.94117647]
[-10.3782066    9.92894089  -1.10588235]
[ 2.74580896 12.28068166 -0.09411765]
[-10.84641229   7.62247853  -1.90588235]
[ 2.57489603 11.50481097  0.4       ]
[-10.60433814   9.07446003  -1.22352941]
[-10.44946401   8.44880571  -1.62352941]
[ 1.99606311 11.99771095 -0.65882353]
[ 1.95467122  4.29830632 -1.62352941]
[-10.39918248  10.32165427   0.        ]
[ 1.84804984  4.10161292 -1.17647059]
[ 1.805433   11.54459784 -0.56470588]
[-0.72070763 10.17384373 -0.91764706]
[ 1.57180798 10.30146566 -0.87058824]
[ 1.54846006  9.72338149 -0.44705882]
[-11.07242679   8.85236304   0.56470588]
[-3.22015768  8.70342197 -1.95294118]
[-6.91992292  8.17467687 -1.22352941]
[-3.45087725  7.32446827 -1.90588235]
[-6.87546141  9.22251848  0.4       ]
[-3.72400967  7.20142372 -1.95294118]
[-3.74888349 10.29680113 -1.2       ]
[-3.80485763 10.57791803 -2.07058824]
[-6.85487564  9.47148368  0.21176471]
[-3.9196885  10.65047507 -1.36470588]
[-3.92443926  8.82807934 -2.07058824]
[-4.17295799 10.52060789  0.35294118]
[-4.17923887  7.35481096 -2.07058824]
[-4.24474918 10.5953119  -0.04705882]
[-9.02678168  7.62719049 -0.4       ]
[-6.7024948   9.20350929 -0.11764706]
[-6.50195712  9.92444422 -0.28235294]
[-6.3709019   9.17829201 -1.27058824]
[-4.69686378 10.10198801  0.47058824]
[-6.37426975  9.95057163  0.09411765]
[-6.24559137 10.54538253 -1.6       ]
[-6.22387801 10.20281484  0.02352941]
[-6.1261685 10.2446005 -0.8      ]
[-5.4010801  10.44897003 -0.23529412]
[-5.42895804 11.34487803 -2.16470588]
[-6.10570795 11.35064956 -0.96470588]
[-5.54877033 10.79931485 -1.52941176]
[-5.59982337  7.32609895 -1.64705882]
[-6.0041873  10.00167734 -1.83529412]
[-6.74695762  9.99438783 -0.11764706]
[-9.5295157   7.79413638 -0.14117647]
[-8.99534433 10.30532598 -0.47058824]
[-8.90194474  9.02365822  0.35294118]
[-0.92040539 10.34791026  0.23529412]
[-8.89618389  9.57276184 -0.63529412]
[-0.99577525  9.55028404 -0.84705882]
[-1.03070677 10.00113699 -0.58823529]
[-1.15397674 10.74495362 -1.78823529]
[-1.19813631 10.27196265 -1.55294118]
[-1.2556714  11.92661702 -0.47058824]
[-1.29622429 11.12952152 -0.04705882]
[-8.45103727  8.6006854  -1.50588235]
[-1.39559255 10.22558616 -2.        ]
[-1.39628744  9.00459698 -0.32941176]
[-3.15510645 10.27355258 -1.01176471]
[-8.42789546 10.41924693  0.54117647]
[-1.57696451  9.42261588 -1.01176471]
[-7.97086638  9.64980548 -1.50588235]
[-7.71981449 11.00207485  0.56470588]
[-7.70265345  9.9742874  -0.63529412]
[-2.2735374  11.07359359  0.09411765]
[-7.12512368  9.99673174 -1.15294118]
[-2.37594691  8.85293794 -1.38823529]
[-7.00562588  8.52351748 -1.48235294]
[-2.43047696 10.0949246  -1.48235294]
[-2.57101165 10.80499303 -1.81176471]
[-2.63073027  8.07377907 -0.82352941]
[-2.7769921   8.72092255 -1.78823529]
[-2.95192706 10.74760543  0.16470588]
[-1.42641215  9.4046296   0.25882353]
