[ 0.90334412  3.08248474 -1.1070028 ]
[ 3.22577755  2.69727627 -1.70106308]
[12.22287474 12.28152459 -2.0605042 ]
[ 1.95254945  4.09594059 -1.38235294]
[12.11019759  9.17038078 -2.13333333]
[11.57608647  9.63530412 -2.08235294]
[ 9.60055203 11.2359551  -2.10588235]
[ 8.92501116 11.72341614 -2.14117647]
[12.42774254 11.70045004 -2.18823529]
[11.15157921  9.97624573 -2.14117647]
[10.15564713 10.94619225 -2.09411765]
[ 9.92558291  8.60100517 -2.11764706]
[ 9.14955871 11.37829421 -2.16470588]
[12.45378862  8.75340845 -2.09411765]
[ 2.04630974  3.75561651 -1.78823529]
[ 2.05530209  2.27086013 -1.08235294]
[ 1.40537249 -6.12494147 -0.96470588]
[-0.0943571  -6.45519371 -1.43529412]
[-0.35327472  4.14536487 -2.11764706]
[-0.75294123 -2.90137667 -0.89411765]
[-1.82419473 -7.09980234 -1.05882353]
[ 3.32982068  3.67880778 -2.07058824]
