[-5.52537447 10.07308889 -0.68499254]
[ 0.76154324  3.06969415 -1.13418603]
[ 1.59938381  9.0891386  -0.42052324]
[ 7.29064395  8.86493441 -0.94704415]
[ 3.15558871  3.17445515 -1.4637541 ]
[-11.89045877  10.6224943   -0.04302521]
[-12.0833923   11.69236917  -1.68027682]
[-0.45489352 10.16735189 -1.70466531]
[-7.645224   12.01359594 -0.70672269]
[-11.88543771  12.06550501   0.41411765]
[ 3.64687809 10.90656769 -0.43460208]
[ 0.6517594  10.85760166  0.28529412]
[-1.77905617 11.03265273 -0.12850679]
[-11.90982166  10.74756016  -1.91016043]
[ 7.84629369  7.36170973 -1.33475936]
[-7.63826515 12.08314909  0.30802139]
[-1.45589423 10.75108175  0.22352941]
[-11.55821563  11.47466643  -0.66143791]
[ 2.05195717 11.31129549 -0.27973856]
[-12.33398342  12.24900157  -1.08823529]
[-7.98993496 12.2281352   0.10294118]
[-3.97195108 11.15112567 -1.22352941]
[ 3.14441001 11.95252851 -0.48529412]
[-2.96174555 11.27927643  0.15882353]
[-10.67954803   9.5130203   -0.47941176]
[-8.92746223 12.11699562  0.58151261]
[-7.0275436  12.14969081 -1.01512605]
[-8.73415489 10.22999892 -1.14117647]
[ 6.98338785 11.07378085 -0.4627451 ]
[-3.70989582 10.80605385  0.31764706]
[-6.90224028  9.93109826  0.50588235]
[ 4.84439463  9.65361715 -0.39215686]
[-1.67412237  8.70402139 -2.04705882]
[-8.70188087  9.34585434 -0.05647059]
[-12.39745502  10.7023581   -0.76235294]
[ 8.77096806  9.24579368 -1.02117647]
[ 8.63645847  9.85259752 -0.61176471]
[ 5.0882125  10.61993633 -0.42823529]
[-10.86157584 -11.22961258  -1.97176471]
[-11.1891114  -10.85693102  -2.        ]
[-3.97834497 10.52219757  0.40588235]
[-6.1821443  11.24518375 -0.96470588]
[-11.33940598  10.73163154  -0.88823529]
[-8.32329455 11.61195563  0.16470588]
[-12.35412188  10.40287459   0.18235294]
[ 7.54641493 10.41550637 -0.91176471]
[-5.50109914 10.77463884 -0.95294118]
[-11.35463783  12.07656216  -1.09411765]
[-11.55450754  10.49533883   0.73529412]
[-7.67999918 10.98486393 -1.68235294]
[-12.28287494  12.35650736   0.92941176]
[ 5.42559058 10.70645171  0.28235294]
[ 2.44109594 10.6331321  -0.38431373]
[-7.3007738  11.49141751  0.36862745]
[-8.39825336 10.58561768 -2.        ]
[ 4.58442306 11.73281713 -0.36862745]
[ 3.53334103 10.23932975 -0.13333333]
[ 5.36125905 11.02333111 -0.41568627]
[-11.01766917  11.61988786   0.36078431]
[-1.99365817  9.67719082 -1.96862745]
[-0.72076382  9.78006075  0.51764706]
[-10.33034143  10.68333549  -0.64313725]
[-9.75909444 10.3441279  -0.57254902]
[ 3.75838984 11.69273939 -0.39215686]
[-3.21500627  8.53341291 -1.89803922]
[-9.42837992  9.47280543 -1.05098039]
[ 2.03428156 10.96813454  0.29803922]
[-9.10757764  9.87638478 -1.9372549 ]
[-3.51923908 10.93340362 -1.73333333]
[ 2.11216035 11.40688337 -1.69411765]
[ 6.65210433 11.78742043 -0.45490196]
[-3.57438568 11.28612476  0.38431373]
[ 1.99120775  4.28203713 -1.60784314]
[-1.51402974  8.70416823 -0.02352941]
[-0.61251423  9.52194154 -1.03529412]
[-5.97682846 11.0277644   0.47058824]
[ 0.46015553  9.58005143 -0.52941176]
[ 0.98327732 11.42575278  0.44705882]
[-1.62655912 11.85863418 -0.31764706]
[-2.30937548  9.70205948 -1.58823529]
[ 1.17315616 10.66074316 -1.77647059]
[-2.51551547 12.05039478 -0.05882353]
[-4.32282452 12.17066555  0.56470588]
[ 1.88827294  4.07788035 -1.23529412]
[-4.19882028  9.86195783 -0.32941176]
[-0.35819479  8.72900116 -2.04705882]
[-11.71650493  11.59639834   0.22352941]
[-9.13650236 10.11203946  0.25882353]
[ 5.56327052 11.96210196  0.14117647]
[ 5.45085065 11.45412371 -0.61176471]
[-8.09841182 11.87656815 -0.37647059]
[ 8.45075657  9.63856356 -0.91764706]
[ 5.21089699 10.04942137 -0.50588235]
[-7.52789471 10.34589576 -1.42352941]
[-9.76580781  9.99571334 -1.11764706]
[ 6.07476022  8.1872524  -1.95294118]
[-11.91252701  11.97988422  -0.85882353]
[-7.13587408 11.92411623 -0.42352941]
[-6.96567619 12.03564127 -1.70588235]
[ 8.01159839 10.98577283 -1.22352941]
[ 8.60973529 11.47460992 -1.28235294]
[-12.41289999  11.702426    -0.96470588]
[-12.48358667  10.44844711  -0.23529412]
[ 4.29984277 11.36560103 -0.44705882]
[-10.53810599  11.66624131  -0.01176471]
[-0.16214567 11.27326424 -1.62352941]
[8.02633465 8.95548692 0.04705882]
[ 8.25462766 11.64926311 -1.55294118]
[ 8.29502338 11.19481988 -1.10588235]
[ 1.0804579   9.99761192 -1.6       ]
[ 7.9241534  10.44616318 -1.29411765]
[ 7.82904566 10.42940752 -1.62352941]
[ 8.45189336  9.5445421  -0.56470588]
[ 1.07149642  2.99748833 -2.02352941]
[ 1.30265057 10.32062029 -0.16470588]
[ 8.45136665 11.85186713 -1.22352941]
[ 0.82471091 10.70444618 -0.47058824]
[ 0.65083755 10.77743042 -1.67058824]
[ 0.6194661   9.95220402 -1.64705882]
[ 8.47203005  9.52507309 -0.23529412]
[ 8.52587776  8.49667106 -1.69411765]
[ 8.52689053  9.22845788 -1.50588235]
[ 8.65282774  9.1784982  -2.        ]
[ 0.2691256   9.99491965 -1.50588235]
[-0.09783736  9.89963238 -1.55294118]
[ 1.00584408  9.35339678 -0.61176471]
[ 4.12071242 10.08065481 -0.56470588]
[ 3.62824911 12.35390576 -0.42352941]
[ 3.52707449 11.3501604   0.04705882]
[ 3.44672947 10.12194164  0.25882353]
[4.37250247 9.696928   0.11764706]
[ 3.25011514 10.17422767  0.        ]
[ 3.00534427 10.44661046 -0.58823529]
[4.7454548  9.17513868 0.72941176]
[ 2.67163201 12.29484361 -0.42352941]
[ 2.64955331 10.75314377  0.16470588]
[ 5.15125105 10.44804933  0.44705882]
[ 2.65425161 10.16975798 -0.47058824]
[ 7.67205754 10.97849456 -1.17647059]
[ 5.24693257  9.92083324 -0.16470588]
[ 2.4527154   9.27871804 -0.77647059]
[ 2.25075934 10.04876054 -0.77647059]
[ 2.2243082  12.22852166 -0.63529412]
[ 6.56965393 11.07234049 -0.02352941]
[ 6.61983505 10.27380422 -0.63529412]
[ 6.70063698  9.04775274 -0.8       ]
[ 7.50214635  9.7456563  -1.6       ]
[ 7.57077037  9.77541628 -1.01176471]
[ 7.82261105  9.34486837 -1.36470588]
[ 1.78068467 12.14851994 -0.4       ]
[ 1.64607359  9.95015044 -0.32941176]
[ 1.6192781   9.04539251 -0.84705882]
[ 2.6217595  11.94640122 -0.63529412]
[-9.37186581 11.37812566  1.36470588]
[-9.22332967  9.45102336  0.02352941]
[-9.22880956 12.47204065  0.42352941]
[-9.19826199 11.22565538 -1.62352941]
[-9.02520827  9.15097679  0.11764706]
[-8.99845386 10.52853277 -1.27058824]
[-8.89940145 12.27977189 -0.8       ]
[-8.66951529 11.56987713 -0.4       ]
[-8.6469214   9.9027594  -2.02352941]
[-3.43022365 11.3459252  -1.48235294]
[-8.1706159  10.02798252 -1.97647059]
[-8.01943727 11.40252381 -1.74117647]
[-7.72611493 11.50065968 -1.03529412]
[-7.67403277 10.12603457 -0.04705882]
[-7.34516471 10.27626023 -1.62352941]
[-7.17944042 11.52345406 -1.48235294]
[-7.11920512 11.29595474 -1.69411765]
[-7.12312321 12.10325028  0.65882353]
[-6.99984453  9.6962799   0.07058824]
[-8.57042671 10.92569857 -2.02352941]
[-12.49476691  10.12916057  -0.65882353]
[-12.37239241  11.82331921  -0.49411765]
[-12.32048946  11.51925918   0.56470588]
[-12.22589628  10.75302078  -1.15294118]
[-11.89508738  10.57338924  -1.24705882]
[-11.89847968  11.55395622  -1.17647059]
[-11.84853774  11.92432428  -0.51764706]
[-11.77026228  11.62560785  -0.35294118]
[-11.64515716   9.97045461  -0.30588235]
[-9.59879749 10.47613984  0.07058824]
[-11.17688834  11.9739116   -0.11764706]
[-11.00574348  10.5223209   -0.51764706]
[-10.85192078  10.36930717   0.28235294]
[-10.80101362  10.27461075  -0.02352941]
[-10.77023327  11.67309211  -0.49411765]
[-10.28042477  10.39814009   0.65882353]
[-10.20324733  11.17446536  -0.11764706]
[-9.90381075 10.40333987 -0.14117647]
[-9.67689117 11.71915437  0.54117647]
[-11.65331479  12.22429     -1.03529412]
[-3.52727351  9.79460205 -1.50588235]
[-3.3038947  10.498183   -1.67058824]
[-3.27730274  9.50086667 -0.63529412]
[-3.20385025 10.4495574  -1.10588235]
[-3.17671627  9.82467785 -0.35294118]
[-2.77458562  8.95445298 -0.35294118]
[-2.67982106 12.28056502 -1.69411765]
[-2.52785705  8.75587168 -0.28235294]
[-2.42271273 11.14928985 -0.11764706]
[-6.97172952 11.07409422  0.54117647]
[-1.47705159  8.42576502 -1.90588235]
[-1.44458318  8.10573833 -1.95294118]
[-1.34565642 11.19726779 -0.37647059]
[-1.29537971 10.80230251 -0.30588235]
[-1.27691753  9.15577388 -2.        ]
[-1.15111802  9.05093825 -0.56470588]
[-1.1021177   8.52817491 -2.14117647]
[-0.77602938 11.17176487  0.23529412]
[-0.25341616 10.45551271 -0.63529412]
[-1.77972562 10.37062615 -0.18823529]
[-6.7761686  11.4507618  -1.17647059]
[-6.67223054 10.21956477 -1.76470588]
[-6.64987214 11.22416807  0.        ]
[-6.44521135 11.0951139  -0.54117647]
[-6.45032627 11.57291495  0.        ]
[-6.37342748 12.17840473 -1.52941176]
[-6.29614999 10.69664234 -1.95294118]
[-6.20008985 10.59547202 -0.14117647]
[-6.17468262 11.45149006 -0.18823529]
[-3.62059034 11.49659866 -0.25882353]
[-5.77151557  7.8478188  -2.11764706]
[-5.62975458 10.67722752 -2.07058824]
[-5.57112829  9.02585825 -1.43529412]
[-4.55479231 10.0023737  -0.28235294]
[-4.37302683 11.24678068  0.32941176]
[-4.35128246 10.07575214 -1.52941176]
[-4.18082676 11.82796882 -2.09411765]
[-4.15509829 10.74417585  0.11764706]
[-3.97645975 10.3036552  -0.18823529]
[-3.97278909 10.79569471 -1.55294118]
[-5.80215305 11.52493796 -0.87058824]
