[ 0.7665767   3.07572814 -1.1385797 ]
[-11.46799356   0.9082801   -1.06799296]
[ 3.14942175  3.39976276 -1.41764706]
[ 3.20066573  2.71063564 -1.76450478]
[-12.3380638   -6.84148189  -1.32043344]
[-11.26622753   4.89005378  -1.79744246]
[-10.12581208   2.7023921   -1.85588235]
[-12.42991189 -11.1322892   -1.85210084]
[-11.82628442   4.40500528  -1.22745098]
[-12.07998516   3.41489264  -1.74117647]
[-12.03753212   1.45929356  -0.35294118]
[-11.78846064  -6.04166977   0.14117647]
[-11.78664925  -2.30461923  -1.44705882]
[-11.1211122   -0.24038676   0.38823529]
[-12.2109579    4.39805546  -1.62352941]
[-0.93444059  2.93776517 -2.08235294]
[-12.21454024   4.74818972  -1.57647059]
[-12.21635741  -2.27864505  -1.50588235]
[-11.32263784   5.00063869  -0.61176471]
[ 2.14011158  3.09863694 -2.03529412]
[-12.47226782  -9.70980349   0.54117647]
[-12.44953646 -12.09975547  -2.08235294]
[-12.08557175   1.84962427  -1.89411765]
[-11.27943636   1.25007786  -0.68235294]
[-11.41986655  -1.82335516  -2.09411765]
[-11.10137938   1.44953929  -0.32941176]
[-10.97164389  -0.53091897   0.09411765]
[-10.97540545   4.07088955  -0.25882353]
[-10.87501374   0.89525774  -0.18823529]
[-12.49591977  -2.10527826   0.28235294]
[-12.49652208  -5.75398559  -1.08235294]
[ 1.9516568   4.05518056 -1.43529412]
[-11.42731148   5.50134224  -1.34117647]
[-11.520564     3.12032814  -2.07058824]
[-11.62760011  -2.39789501  -1.85882353]
[-11.67245072   3.82930915  -1.69411765]
[-12.49749889   3.02832054  -1.03529412]
[-12.07139582  -2.30205164  -1.90588235]
[-12.14849083  -1.89428731  -1.67058824]
[-12.19454396   0.97235605   0.11764706]
[-12.22590496  -6.14513006   0.23529412]
[-12.25450859   3.90327008  -1.27058824]
[-12.2799639    4.26912114  -0.8       ]
[-12.34690945  -1.7267807   -1.95294118]
[-12.40528004  -0.69974207  -0.91764706]
[-12.47948503  -1.24758501  -1.88235294]
[-12.47761081  -6.52801964  -0.51764706]
[-12.4944427    3.4234879   -1.85882353]
[ 3.4485491   3.05039387 -2.02352941]
