[ 1.40177329  3.01410427 -1.17027957]
[11.51005593  7.10942967 -2.0516934 ]
[12.23617177 11.85927864 -2.0684492 ]
[ 9.96669938  6.37344412 -2.08235294]
[-12.23886556   3.98055511  -1.77908497]
[10.22564765  5.23781306 -2.02588235]
[ 8.99276963  4.41595972 -2.07581699]
[10.60643875  9.36897655 -2.1       ]
[10.14659745  9.98149796 -2.10980392]
[11.58189136 -4.32382873 -2.07843137]
[12.23551487  3.66077539 -2.07058824]
[ 7.92603662  4.8135907  -2.01176471]
[ 9.90125422 -7.98557087 -2.11764706]
[ 1.92710771  3.99912623 -1.09411765]
[-11.7843163    3.51352816  -2.05882353]
[ 8.95171003  4.94554476 -2.07058824]
[ 1.74897671  3.66180261 -1.6       ]
[12.18699416 -3.34981736 -2.12941176]
[10.4495381  -7.9537547  -2.16470588]
[12.47160083 10.76966011 -2.11764706]
[10.62542824 -3.09734272 -2.18823529]
[10.62389436 -2.64928962 -2.16470588]
[ 10.82879731 -10.7737295   -2.09411765]
[11.34441675 -5.55418648 -2.14117647]
[11.3702669  -5.25566427 -2.16470588]
[11.7805124  -8.95366688 -2.14117647]
[12.02626321 -3.82595748 -2.09411765]
[11.95579014 -2.8944475  -2.09411765]
[12.00200988 -8.40453056 -2.11764706]
[11.00573609 -5.90537426 -2.11764706]
[-12.4281569    2.82669374  -2.02352941]
[-11.85224048   3.1489833   -2.09411765]
[-3.40381166  1.89798564 -1.05882353]
[ 6.62538536  4.02087936 -2.16470588]
[ 7.0523701   4.59612381 -2.04705882]
[ 7.32813701  6.04613645 -2.02352941]
[ 7.62805209  5.05462395 -2.04705882]
[ 8.34882589  6.00575664 -2.14117647]
[12.25498932 -8.17968766 -2.04705882]
[ 8.77027716  6.35020212 -2.16470588]
[ 9.05032025 10.92807874 -2.11764706]
[ 9.42966052 12.04883978 -2.14117647]
[ 9.57901916  7.34429259 -2.16470588]
[ 9.57733437 10.92583771 -2.11764706]
[ 9.59708992  7.72036361 -2.02352941]
[ 9.75122034 11.3277275  -2.02352941]
[10.05068226 10.97014785 -2.16470588]
[ 8.42589441  3.92812312 -2.11764706]
