[-7.55841595  6.14774457 -0.71922161]
[ 0.72865797  3.07624815 -1.13132158]
[-0.95199946  9.95594752 -1.222903  ]
[ 3.12283532  3.21284673 -1.46868222]
[-2.87133367 10.55222279  0.14523327]
[-1.80415965 11.4534177  -0.95764706]
[-5.89810166 10.15136031 -0.42941176]
[-9.90962361  6.82661819  0.13235294]
[-1.90764979 11.9646987  -1.62058824]
[-6.44425204 10.73863349 -0.28907563]
[-5.09055063  8.86479765 -0.08627451]
[ 0.15225968 11.04830354 -1.87843137]
[-4.86567909  9.77877977 -1.24705882]
[-6.78045305 10.28400107 -0.57411765]
[-8.7366696   6.66217296 -0.16      ]
[-11.18314008   6.38231758  -0.64      ]
[-5.64026691 10.35954493 -0.98823529]
[ 0.04577446 11.3943531  -0.43764706]
[-4.09432509 10.50853932 -0.21176471]
[-7.28141041  6.69227749 -1.58235294]
[-2.41301872 12.21273092 -1.68823529]
[-11.84520215   5.90393953  -0.77647059]
[-5.36882937  8.63928126 -1.42352941]
[-6.7879213   8.96136382 -1.42352941]
[-5.41124084  9.37757381 -0.09411765]
[ 0.50217023 11.62751411 -1.12156863]
[-10.49004834   5.16787729  -1.61568627]
[-6.28676896 11.3346842  -0.90980392]
[-7.85115606  6.04079134 -1.04313725]
[-3.96632389  8.95807376 -0.31372549]
[-7.4530163   5.49508582 -2.03137255]
[-3.76335132 12.29894523 -0.07058824]
[-6.14230584  9.63289491 -1.05098039]
[-6.76491402 11.70516691 -0.22352941]
[-7.45042608  6.99818731 -1.74117647]
[-9.06631415  4.73621927 -2.08235294]
[-7.17610956  8.0207753  -1.81176471]
[-8.63766245  6.54710008 -1.07058824]
[-8.42176282  7.87565242 -1.54117647]
[-7.57035281  8.60002907 -1.02352941]
[-7.2848946   7.61140024  0.57647059]
[-7.62157655  5.82774984 -1.34117647]
[-7.62297721  4.63947654 -2.02352941]
[-3.68761462 10.1996249   0.01176471]
[-7.81220254  7.5625897  -1.69411765]
[-6.4397822   8.98238912  0.31764706]
[-6.83564712  6.9880823  -0.72941176]
[-0.64907351 11.93679999 -1.11764706]
[-11.32143938   5.93954319  -1.68235294]
[-11.1840525    5.26184785  -1.84705882]
[-0.79086952  9.63325017 -0.70588235]
[-6.76108937  7.33855502 -1.28235294]
[-6.01333225 11.51446923 -1.12941176]
[-5.99568298  7.96314473 -0.61176471]
[-1.22328715 12.27498119 -1.29411765]
[-1.40150977 10.37541038 -0.24705882]
[-12.04044644   4.7375618   -1.28235294]
[-10.6114144    4.71322823  -0.56470588]
[-2.01240041 10.99904492 -1.87058824]
[-2.27338117 10.13720995 -0.14117647]
[-10.35082079   7.17497994   0.09411765]
[-11.51454635   5.18692201   0.03529412]
[-5.47912053  9.22098653 -0.49411765]
[-5.28493684 10.41155973 -0.37647059]
[-2.99824358  8.2045256  -1.09411765]
[-4.26790475 10.28784092 -1.22352941]
[-9.89824079  7.41150181 -1.76470588]
[-4.64525547  9.42135172 -1.50588235]
[-4.82776706  8.89527197 -0.51764706]
[-4.85196565  8.65046722 -2.02352941]
[-4.72915784  8.82760133 -0.94117647]
[-4.87453542  8.39673078 -1.38823529]
[-4.92009042 10.77957465 -0.49411765]
[-0.02945787 10.6530677  -1.78823529]
[-5.00591848 10.32720157 -0.91764706]
[-4.52907639 11.85135966 -0.14117647]
[ 0.47004301 10.64510031 -2.04705882]
[-5.28005392  9.5473768   0.23529412]
[-5.49705115 10.52089787  0.25882353]
[-5.5551191   8.70548328  0.14117647]
[-5.64893757  9.62153319 -0.25882353]
[ 1.92646576  4.12084933 -1.43529412]
[-5.69872046  8.80441223 -0.84705882]
[-5.82944906  9.97626551 -0.16470588]
[-5.0213881   9.82344468 -0.82352941]
[-0.67185348 11.47182331 -0.4       ]
[-0.46913708 10.6494688  -1.64705882]
[-1.02762683 11.67582009 -0.44705882]
[-1.22316638 11.35374298 -1.41176471]
[-1.42689823 10.17905768  0.28235294]
[-1.56900774 12.0958051  -2.07058824]
[-1.64952623  8.36912921 -2.11764706]
[-1.80289729 10.69610369 -1.55294118]
[-1.82177354 11.05594256 -1.50588235]
[-0.22347795  8.89631735 -2.04705882]
[-2.321205  10.4752153 -0.4      ]
[-0.12243625 10.77778178 -1.43529412]
[-2.60148882 12.00515988 -0.21176471]
[-2.59728632 11.46963794 -0.28235294]
[-3.80565886 11.64404305 -0.21176471]
[-3.20207124 10.80176506 -0.02352941]
[-3.29480367 11.02518107 -0.21176471]
[-0.1213888  11.87437823 -0.58823529]
[-3.3239827  10.7246545   0.30588235]
[-3.4521451  11.00571934  0.09411765]
[-3.70122634 10.32861148 -0.35294118]
[-3.72782829 10.77995507 -0.21176471]
[-3.79849448  9.50580481 -0.30588235]
[-3.82146639  9.72308734 -1.45882353]
[-4.02131678 11.0742037   0.04705882]
[-4.10134892 11.37056508 -0.09411765]
[-4.34585624  9.00283151 -0.54117647]
[-4.48027844  9.02543528  0.07058824]
[-4.4990667  11.45583586  0.02352941]
[-3.08068779  9.22358063 -0.56470588]
[-10.90066192   5.82036785  -1.10588235]
[-10.79538638   5.47721412  -1.83529412]
[-10.79491354   6.54581616  -1.76470588]
[-10.77114816   6.44536033   0.58823529]
[-10.78029302   7.05253082   0.28235294]
[-10.69482484   6.99459404  -1.15294118]
[-10.65478505   6.69547791  -0.4       ]
[-10.47864715   5.79685799  -1.45882353]
[ 2.14892132  3.09771205 -2.04705882]
[-10.34913552   7.09804495  -0.77647059]
[-10.17681495   5.92525836  -1.36470588]
[-10.00056308   4.02933032   0.35294118]
[-9.91971231  7.04509116 -2.02352941]
[-9.91982955  7.32506863 -0.94117647]
[-9.84778124  4.25564602  0.54117647]
[-9.62192794  7.42190213 -0.49411765]
[-9.30214671  5.22412892 -2.16470588]
[-8.49645308  6.68044605 -2.07058824]
[-10.35102682   6.54648789  -0.16470588]
[-12.49858328   2.57306778  -1.01176471]
[-12.50198798   3.53062271  -0.18823529]
[-12.50416824   3.5442575    0.16470588]
[-12.50348837   5.4761754   -0.89411765]
[-12.25206908   4.57229478  -1.08235294]
[-11.89887842   6.20259753  -1.29411765]
[-11.85323889   5.77770455  -0.23529412]
[-11.79486895   5.69634508  -1.2       ]
[-11.59716903   6.09980479  -1.81176471]
[-11.00558198   5.14792948  -0.35294118]
[-11.5740001    5.74534089  -1.55294118]
[-11.50240302   6.22453661  -0.09411765]
[-11.42962519   4.92858219   0.16470588]
[-11.29726885   6.95573469  -0.89411765]
[-11.17547787   5.45142584  -1.31764706]
[-11.17761755   6.77849711   0.16470588]
[-11.17994275   7.42648917  -1.27058824]
[-11.13044012   4.60580823  -0.89411765]
[-11.07304335   6.27101861   0.47058824]
[-11.58038638   5.3728586   -2.07058824]
[-6.77146801  7.44863465 -0.56470588]
[-6.72834911  7.37488999 -0.91764706]
[-6.57263394  9.30544937 -0.58823529]
[-6.50547376  7.04831941 -1.27058824]
[-6.4740249   9.92108473 -0.8       ]
[-6.44518577  9.50461035 -0.35294118]
[-6.40253828 10.37824993 -0.4       ]
[-6.2987813   8.30116394 -1.6       ]
[-8.42981269  8.07590283  0.09411765]
[-6.25138496  9.70452265  0.37647059]
[-6.2203218   7.80348104 -0.8       ]
[-6.15145109  9.01968739 -0.4       ]
[-6.11907355  7.79483719 -1.6       ]
[-6.12751758  8.59535073  0.32941176]
[-6.09623892 10.09945406 -1.03529412]
[-6.00040385  9.27738449  0.09411765]
[-5.85380258  6.02944956  0.30588235]
[-5.84903914  9.6797762  -0.84705882]
[-6.27551098 11.75074523 -1.10588235]
[-8.29658087  7.302662   -1.83529412]
[-8.1947083   5.2059081  -1.83529412]
[-7.80169735  5.5292188  -0.94117647]
[-7.69857696  6.12965393 -1.76470588]
[-7.65469656  6.6258523  -0.87058824]
[-7.55049297  7.59974539 -0.72941176]
[-7.47477848  7.67117668 -2.11764706]
[-7.40063184  6.43097482 -0.77647059]
[-7.32967171  8.50241994 -0.21176471]
[-6.80586454 12.05350293 -1.01176471]
[-7.22394873  7.07455785 -0.82352941]
[-7.12726817  7.22368011 -1.17647059]
[-7.01970868  7.97901919 -0.23529412]
[-6.95525288  7.64780787 -1.6       ]
[-6.87268341  8.95354146 -2.        ]
[-6.87423136  9.85203965 -0.8       ]
[-6.82793405 10.819751   -0.65882353]
[-6.80580437  7.8034112  -0.47058824]
[-6.7962939   9.44945193 -0.42352941]
[-7.3231482   9.85134554 -0.4       ]
