[ 1.01390241  3.10751365 -1.1240071 ]
[ 3.18737614  2.7056582  -1.60655546]
[11.16166444 -6.08827184 -1.80885515]
[11.04029949  2.16146023 -2.06341912]
[10.48623072 -3.43624955 -2.04729412]
[12.08178637  5.3885877  -2.05820433]
[10.06581724  0.19955985 -2.07363834]
[ 8.78261807 -7.47031368 -2.0760181 ]
[ 9.35111566 -3.09240119 -2.07764706]
[12.23522412 -2.76095174 -2.00748663]
[12.03360593 -9.13335514 -1.99196557]
[ 11.85099024 -11.50163572  -2.06764706]
[ 8.61964152 -2.08091587 -2.06572008]
[ 9.64626498  3.44452167 -2.07320261]
[ 8.60235318 -5.3929629  -2.09019608]
[  9.58483454 -10.64220119  -2.09705882]
[10.5950442   9.50785088 -2.09411765]
[11.08500831  8.73590278 -2.09176471]
[12.2410535  11.62522592 -2.08      ]
[ 9.1597315   0.4576814  -2.08529412]
[ 8.21268181  4.35693961 -2.13823529]
[ 9.28151613  4.88901479 -2.10588235]
[ 7.69123664 -2.7019231  -2.05882353]
[12.05463305 12.36351426 -2.05490196]
[ 8.26343178 -3.60658601 -2.06666667]
[ 9.73598383 11.06992324 -2.10352941]
[ 7.75418868 -5.04311393 -2.06117647]
[10.03325558  6.87218296 -2.08823529]
[ 7.82825203 -6.47493167 -2.08823529]
[ 9.54714382  8.28777678 -2.08627451]
[ 8.66079185  2.99937088 -2.13333333]
[11.46044133  8.23413032 -2.10196078]
[-0.93498932  2.86480811 -2.03921569]
[ 7.18640395 -5.79755414 -2.08627451]
[ 6.68159477 -5.15184279 -2.07843137]
[ 12.06035087 -10.50109592  -2.03529412]
[ 8.02608956  4.95704605 -2.10588235]
[ 7.40059383 -3.85030567 -2.11764706]
[ 8.68790607  6.61084867 -2.12941176]
[10.16262672 10.624859   -2.15294118]
[ 8.97059934  2.05012167 -2.14117647]
[ 6.47431149 -6.70004112 -2.04705882]
[ 9.75123112 -9.65427507 -2.04705882]
[ 6.82012913 -3.15501268 -2.09411765]
[ 6.75576972 -8.34489371 -2.        ]
[ 9.85044402  7.35018649 -2.16470588]
[ 6.47581796 -1.94684575 -2.16470588]
[10.35369874 -7.00471409 -1.92941176]
[ 6.36991655 -8.80422084 -2.11764706]
[ 5.60027119 -8.00014523 -2.11764706]
[ 3.32543553  3.53023    -2.04705882]
[ 1.84549252  4.12838647 -1.27058824]
[ 1.22397286  3.22868705 -2.        ]
[ 1.12424732  2.99841852 -1.81176471]
[12.47713223  2.0715493  -2.09411765]
[12.24461726  8.07826836 -1.95294118]
[  6.84589848 -10.87224971  -2.11764706]
[ 8.10278819 -0.99982488 -2.04705882]
[ 8.1501835  -1.85173655 -2.04705882]
[ 8.05140053 -9.87476703 -2.16470588]
[ 8.35320152  3.37431194 -2.11764706]
[ 8.41943345 -0.05290679 -2.02352941]
[ 7.78024564 -2.02002354 -2.11764706]
[  8.80015584 -12.29717115  -2.09411765]
[ 8.82925831  5.92972729 -2.07058824]
[ 7.62745054  6.14635489 -2.16470588]
[ 7.14462007 -7.57757895 -2.14117647]
[ 7.454345   -7.73061862 -2.16470588]
[ 9.02540136  5.52236686 -2.04705882]
[ 9.04404038  1.32854673 -1.97647059]
[ 9.12111124  1.65557148 -2.11764706]
[ 9.17387927  1.01911683 -2.09411765]
[ 9.17936637  2.42979796 -2.02352941]
[ 9.35145591 12.12962304 -2.14117647]
[ 7.15287144 -7.94752253 -2.16470588]
[ 6.84640809 -1.67504494 -2.14117647]
[ 7.54538443 -8.85536253 -2.07058824]
