[ 0.84279009  3.05620684 -1.03470954]
[ 3.09051057  3.39597512 -1.3226769 ]
[ 3.16086575  2.68729803 -1.66156123]
[-2.79578374 -4.6455385  -1.63222506]
[-6.38860954 -9.94733599 -2.00855615]
[11.62770961  9.34103356 -2.11764706]
[12.19373609  8.29893259 -2.10980392]
[-0.96445273  2.95229322 -1.90588235]
[ 1.89058577  4.11143089 -1.27058824]
[11.90069717  8.65032653 -2.08235294]
[12.42014268  2.9545592  -2.16470588]
[11.24667079  8.55301511 -2.14117647]
[11.02877267  6.57757734 -2.16470588]
[10.95478189  6.92323036 -2.16470588]
[10.29457323  7.75238009 -2.11764706]
[ 8.66920042 12.17014424 -2.16470588]
[ 3.84951398  2.55434784 -2.09411765]
[ 3.00345663  0.7533082  -0.82352941]
[ 1.88099148  4.19923287 -1.62352941]
[ 1.79584637 -7.15412718 -1.15294118]
[ 1.47990526  4.92982112 -1.62352941]
[12.19705004  3.24412606 -2.04705882]
