[ 0.7338549   3.10111376 -1.12785063]
[ 3.06997667  3.45119371 -1.29716776]
[ 3.16750864  2.75074183 -1.69287926]
[ 6.65058623 -4.80605086 -1.417595  ]
[ -0.10900082 -12.23883196  -1.72760181]
[11.88598591 -9.58448785 -2.15058824]
[12.00775842 -3.58212285 -2.14117647]
[ 1.93595133  4.30001793 -1.57647059]
[12.02150026 -5.5737896  -2.18823529]
[12.00236746 -8.97746592 -2.14117647]
[11.57930652 -5.85346566 -2.18823529]
[11.14581013 -6.34745214 -2.11764706]
[11.1194103  -9.92957363 -2.11764706]
[ 10.59467626 -10.34698196  -2.11764706]
[ 9.99913117 -5.77343578 -2.16470588]
[ 9.55052039 -8.54542615 -2.02352941]
[ 9.42473571 -2.97993138 -2.16470588]
[ 9.38055364 -3.45543503 -2.16470588]
[12.2441186  -9.27754101 -2.11764706]
[  8.35400629 -10.04721478  -2.16470588]
[ 3.42131187  3.33010057 -1.92941176]
[ 3.17146528  3.25070079 -2.09411765]
[ 1.84460392  4.15483538 -1.22352941]
[-0.94657794  2.89834635 -1.95294118]
[-2.68032928  1.62091477 -0.94117647]
[ 9.22796182 -6.17433479 -2.11764706]
