[ 0.73244295  3.08189982 -1.09048106]
[ 3.01957317  3.4677723  -1.2544592 ]
[ 3.14067907  2.77866651 -1.62579427]
[ 6.54096102 -6.07776931 -1.58497519]
[11.65422705  7.49571164 -2.08299465]
[11.78514936 11.50523293 -2.05176471]
[11.76042929  2.32667842 -2.13071895]
[10.24031173  6.46015838 -2.07394958]
[11.57098274  3.30139646 -2.09411765]
[ 9.30198629 11.35872664 -2.13176471]
[10.18741526  9.87304828 -2.09882353]
[-0.95773153  2.88443364 -2.01411765]
[ 5.53494114  3.35648027 -0.87058824]
[12.41506073  0.38375189 -2.10196078]
[11.21459187  4.38616622 -2.09411765]
[11.49909111  4.04973766 -2.09411765]
[ 9.80311163  7.63982971 -2.11764706]
[ 9.91338603 10.57532555 -2.10588235]
[12.46813636 10.01125    -2.04705882]
[ 9.08831818  8.35942452 -2.15294118]
[ 8.58211917 12.08859795 -2.10588235]
[ 8.1340258   7.08731619 -2.07058824]
[12.42005921 -3.57653709 -2.09411765]
[ 3.35276866  3.59908666 -2.11764706]
[12.39572297 -2.39807636 -2.09411765]
[12.32909387 -1.77786734 -2.11764706]
[11.54923988 -1.57011289 -2.16470588]
[ 4.05281325  2.87881109 -1.05882353]
[ 4.87601895  1.57352062 -0.98823529]
[ 5.67862172  3.47863516 -1.17647059]
[10.57912926  2.30321203 -2.11764706]
[ 8.82367856  6.60515407 -2.09411765]
[10.42122588  3.12832527 -2.11764706]
[10.13033168  7.41912375 -2.11764706]
[10.05131766 -0.80353676 -2.16470588]
[ 9.39569267  2.75198008 -2.14117647]
[ 9.58076394 10.89486066 -2.14117647]
[ 9.75223585  4.77876401 -2.04705882]
[12.47509136  0.8467702  -2.        ]
