[ 1.0259438   3.11141125 -1.11914091]
[ 3.16966347  2.72464793 -1.656926  ]
[ 9.99611364 -5.81580832 -1.70554622]
[11.830614    7.96178484 -2.08342246]
[11.98130062 11.93587574 -2.08325792]
[-12.02981516  -7.63421201  -2.0513369 ]
[-0.9604803   2.91469191 -1.85411765]
[10.62520985  9.80199317 -2.1       ]
[ 9.51709618 11.43544599 -2.09411765]
[12.06168342  3.00007502 -2.15294118]
[11.7368295   4.47667013 -2.14117647]
[11.52847905  5.17545897 -2.08235294]
[10.87363584  6.29219075 -2.14117647]
[ 1.88753896  4.09726179 -1.22352941]
[10.12116982 10.61015608 -2.15294118]
[12.02672758  2.59873602 -2.14117647]
[-5.99544501 -4.40074315 -0.70588235]
[11.85464154  3.62180013 -2.09411765]
[11.76964195  3.92175115 -2.11764706]
[-0.35088942  3.77889586 -2.11764706]
[ 0.80084727  4.42712924 -1.17647059]
[11.45172352  4.72651802 -2.11764706]
[11.02477675  1.426554   -2.18823529]
[ 8.74533862 12.00243006 -2.11764706]
[10.94892731 -6.15151001 -2.14117647]
[ 9.34451156 11.84460064 -2.14117647]
[ 9.45233089  5.82379308 -2.11764706]
[10.60134035  3.34980084 -2.16470588]
[12.40478317  2.07775111 -2.16470588]
[10.00593798  5.00255195 -2.16470588]
[ 9.94405681  7.904244   -2.11764706]
[11.04829213  5.65235397 -2.09411765]
