[ 0.93547598  3.11997922 -1.01806364]
[ 3.19551675  2.72437758 -1.66819303]
[ 1.90063422  4.0658729  -1.05098039]
[ 9.62348112 11.65442045 -2.10196078]
[ -0.11639713 -12.4914997   -1.97647059]
[ 3.4242887   3.23454279 -1.84705882]
[12.02891677  9.48911747 -2.14117647]
[12.16221836  9.06136924 -2.16470588]
[ 2.00580793  4.20081969 -1.6       ]
[ 3.42808565  3.57151296 -2.        ]
[10.42967178 11.25523396 -2.        ]
[10.72685227 11.12818801 -2.09411765]
[11.42303783 10.21942448 -2.11764706]
[11.5544712   9.54582287 -2.09411765]
[11.62749023  9.97036274 -2.14117647]
