[-10.10725899   2.98768835  -0.92255034]
[ 0.69003547  3.10162556 -1.13101471]
[ 3.18631849  3.16399986 -1.42780749]
[-11.6531005   -2.03683775   0.28823529]
[-12.31315058   2.85942947  -1.47058824]
[-12.30678219  -2.40626474  -1.43267974]
[-8.1610196   8.12642817 -1.40784314]
[-9.94515989  6.58440175 -1.19529412]
[-12.3558187    6.11181643  -1.28823529]
[-8.56688668  8.27334853 -1.72352941]
[-11.67602479   3.25672391  -0.24117647]
[-10.48167505   6.92280363  -1.98823529]
[-11.73482345  -1.27171608  -1.04313725]
[-12.40058903   2.57788354  -0.84705882]
[-11.29574967   2.41950195  -1.91372549]
[-11.10196766   3.90215211  -0.36862745]
[-10.91194964   7.99530587  -1.69411765]
[-12.06586639   0.93206231  -1.88235294]
[-9.45026448  7.54873421 -1.52156863]
[-9.22426995  4.59567385 -0.99607843]
[-12.12198501   6.11717393  -0.91764706]
[-12.32998647   3.46341458  -0.90196078]
[-12.18319886  -1.18197569  -1.27058824]
[-12.16878992   4.81858126  -0.96470588]
[-8.38678374  7.93817187 -0.58823529]
[-11.63944732  -0.42528042  -1.75294118]
[-11.57318475   0.4140186   -0.71764706]
[-8.77803252  8.05139476 -0.98823529]
[-8.07432396  5.1869668  -2.05882353]
[-8.98593427  3.70179986  0.07058824]
[-11.3882035    8.19749743  -1.70588235]
[-11.20995593   7.91260933  -1.47058824]
[-9.20005931  2.67452671 -1.56470588]
[-10.7536148    4.33857817  -0.29411765]
[-10.77469743   4.13643209  -0.71764706]
[-10.77237811   7.53467077  -1.78823529]
[-10.62241058   6.50186253  -1.29411765]
[-9.17239037  8.08683107 -1.55294118]
[-10.56953765   1.61176593  -1.54117647]
[-10.28440063   4.12581749   0.28235294]
[-11.64924496   0.15155243  -1.07058824]
[-11.71177612   3.85974385  -1.72941176]
[-11.49028436   7.67840953  -1.8       ]
[-11.90167121  -0.51258946  -1.2       ]
[-12.44754375  -0.83728314   1.        ]
[-11.75040165  -0.76074323  -0.87058824]
[-12.23827605   0.16299172  -0.72941176]
[ 1.90271349  4.12192074 -1.22352941]
[-12.17218837   5.53076325  -0.98823529]
[-12.17687959   4.52391884  -1.27058824]
[-10.34550548   8.22556089  -1.85882353]
[-12.17827468  -1.39496617  -1.74117647]
[-10.05397146   6.84555334  -1.78823529]
[-12.19663112   7.25250504  -1.01176471]
[-9.90246351  7.101439   -1.10588235]
[-9.87215238  4.22561761 -0.8       ]
[-9.84465959  4.35190933 -1.43529412]
[-9.79589488  7.30403114 -1.43529412]
[-12.22125592   3.94633416  -0.77647059]
[-9.44512664  6.42325301 -2.14117647]
[-9.35242909  2.45237901  0.04705882]
[-12.22720919   0.40285729  -1.31764706]
[-12.49970204   1.77917155  -2.11764706]
[-7.77913203  7.65213575 -1.50588235]
[-12.50047587   3.75400313  -0.09411765]
[-8.21988412  5.50331527 -1.31764706]
[-12.44689931  -2.10431999   0.37647059]
[ 1.12183887  2.85222873 -1.90588235]
[-8.44783098  7.84524554 -1.57647059]
[-9.25015269  2.25312062 -1.27058824]
[-12.42010609   3.67939679  -1.83529412]
[-12.40402105   1.45339658  -0.77647059]
[-9.02286032  7.22836172 -1.78823529]
[-9.0806208   6.89400836 -0.44705882]
[-9.14495987  2.99865916 -1.83529412]
[ 1.35407536  3.67161562 -1.43529412]
[-10.70322786   2.09540785  -1.69411765]
[-12.22808444  -1.57711896   1.05882353]
[-12.41915957  -2.22327334  -0.72941176]
[-11.41902294   3.72744546  -0.94117647]
[-11.97920942   0.50191766  -0.87058824]
[-11.8964805    6.40211299  -1.6       ]
[-11.4978634    6.70381809  -0.94117647]
[-11.5444192    4.89937014  -1.24705882]
[-11.57289432   3.5026305   -1.45882353]
[-11.87430576   8.97983808  -1.55294118]
[-12.09759547   2.89407195  -0.68235294]
[-11.60273692   1.65546563  -1.05882353]
[-11.64918156   2.27950603  -0.35294118]
[-11.64904938   0.0253771   -1.38823529]
[-11.6738067   -0.19809402  -2.09411765]
[-11.82204508   7.85080361  -1.6       ]
[-11.72640556   0.52859575   0.72941176]
[-11.77800325   5.17593224  -1.17647059]
[-11.74975792   4.35090548  -0.87058824]
[-11.57244908  -1.11974099  -1.29411765]
[-10.75518208   7.78077007  -1.08235294]
[-12.09680054   3.22860025  -1.03529412]
[-12.10290337   5.95353577  -0.44705882]
[-10.80348288   3.60261017  -0.14117647]
[-12.07361314  -0.27053835  -2.02352941]
[-10.90573835   3.69932019  -0.96470588]
[-12.07275675   0.71961819  -1.22352941]
[-11.32929881   3.77707387  -1.97647059]
[-11.02635861   5.17541001  -0.11764706]
[-11.06903894   1.20285972  -2.04705882]
[-11.12002603   7.77894144  -1.88235294]
[-12.07718978   5.61967861  -1.29411765]
[-11.17072597  -0.5022616   -1.67058824]
[-12.02472282   5.89831188  -1.57647059]
[-11.29704712   4.54958913  -1.55294118]
[-11.30057548  -0.77435924  -1.74117647]
[-10.92275509   4.52810719  -0.65882353]
