[ 1.04084977  3.09402359 -1.15238615]
[11.32598147  9.37924892 -2.08705882]
[12.1066598  12.30861558 -2.08235294]
[12.37543103 11.71569817 -2.06666667]
[ 9.2517424  12.10758759 -2.1254902 ]
[ 9.54785894 11.48431186 -2.13333333]
[12.0342963   2.57278011 -2.14901961]
[12.26725268  1.51852205 -2.03921569]
[-0.13688816  4.39894417 -1.98823529]
[10.01570002 11.31373214 -2.09411765]
[-3.02145756  3.52043851 -1.27058824]
[10.60399374  7.29999366 -2.16470588]
[10.82186543 10.39671884 -2.16470588]
[12.21921361  1.95001217 -2.09411765]
[12.45177681  1.05427109 -2.11764706]
