[ 1.15495056  3.06129678 -1.14653835]
[12.07330054 12.02200331 -2.08442907]
[-0.92215294  2.86498755 -2.        ]
[ 9.89259989 11.01294489 -2.08235294]
[11.63161604  9.02730313 -2.12941176]
[ 1.96741752  4.2029711  -1.52941176]
[ 9.17576506 11.3132422  -2.10196078]
[12.26094953  8.63410961 -2.14117647]
[ 1.86173099  4.06449606 -0.94117647]
[10.26305617 10.66421217 -2.10588235]
[10.91136117  9.87043486 -2.09411765]
[-1.39696742 -5.77287349 -1.03529412]
[-0.17678378 -7.42066259 -0.44705882]
[10.62561401 10.17995716 -2.16470588]
[11.62395949 -0.05168502 -2.16470588]
