[ 0.71361484  3.05399044 -1.10819137]
[ 9.80520434  0.54769449 -2.03908786]
[ 3.08889644  3.12602304 -1.38184944]
[11.73360643  3.79077272 -1.98344889]
[11.21383532 -4.68078408 -1.98893366]
[12.04574531 -7.8920129  -1.93918552]
[11.9771983  10.29719654 -2.01776711]
[ 11.43087214 -10.57528397  -2.00631277]
[ 7.86854193 -6.14289961 -2.06470588]
[ 9.28341028 -9.99744763 -2.07058824]
[ 8.38511325 -2.69560997 -2.04133545]
[ 7.85478213  1.25065811 -2.06677266]
[10.44819059  8.62858523 -2.06470588]
[ 10.8129437  -12.19910494  -2.04817927]
[  8.40618354 -11.78602451  -2.09150327]
[11.48435597 12.2104535  -2.07058824]
[ 7.81673811  4.29152019 -2.08235294]
[-0.95400163  2.87838851 -2.03921569]
[ 8.84918249 -0.46665833 -2.0627451 ]
[ 7.52663458  3.51373223 -2.04705882]
[-12.47129378   3.79835074  -1.85882353]
[ 6.90376981 -7.84381038 -2.06117647]
[ 6.81599282  1.70497811 -2.04705882]
[ 9.08670841  7.96445089 -2.1       ]
[-12.28301816   3.51740548  -1.74117647]
[ 7.62529209  4.85813262 -2.03921569]
[ 7.14458588  4.21238865 -2.08627451]
[ 1.89721892  4.20754333 -1.55294118]
[ 5.83943336 -7.36632873 -2.11764706]
[ 7.77843531 -4.4991305  -2.09411765]
[ 7.47772163 -3.3506182  -2.02352941]
[ 7.42290024  0.39880838 -2.09411765]
[ 7.17390519 -5.85048117 -2.08235294]
[ 1.79143367  4.07876465 -1.11764706]
[ 7.78525121 -2.5164731  -2.02352941]
[ 7.82862501 -0.74485891 -2.04705882]
[-12.05587289   3.57947024  -2.18823529]
[ 7.84753929  6.22518465 -2.11764706]
[ 7.93080473  6.64588948 -2.07058824]
[-0.12794823  4.30120546 -2.04705882]
[ 6.42108177 -8.67760957 -2.14117647]
[ 6.25510992 -6.44957627 -2.11764706]
[10.4498263  -0.59601449 -2.02352941]
[ 5.9555508  -5.65451059 -2.07058824]
[ 8.14478124 -1.15165994 -2.04705882]
[ 8.22649635 -0.45278692 -2.11764706]
[ 1.96929917  3.49454558 -1.97647059]
[ 8.69577463  3.12124795 -2.02352941]
[ 5.57858155 -4.47969963 -2.11764706]
[ 3.32189361  3.87139445 -1.67058824]
[ 9.22800202 12.1531833  -2.09411765]
[ 8.05415365  7.15089326 -2.16470588]
[ 6.75199011 -0.74832174 -2.07058824]
[  6.79620347 -10.00498421  -2.18823529]
[ 6.85489338 -1.67986789 -2.14117647]
[ 6.97603421 -8.25040169 -2.14117647]
[ 7.09653556 -2.57299042 -2.11764706]
[ 7.12401621  0.24761247 -1.97647059]
[ 7.14984768  2.52149089 -2.04705882]
[ 7.17382152 -4.4511302  -2.16470588]
[ 7.20125053  6.12827136 -2.11764706]
[ 7.22759334 -5.35004162 -2.11764706]
[ 6.45225982 -4.27551531 -2.04705882]
[ 7.27216499 -4.14467512 -1.97647059]
[ 7.32054802  5.2793853  -2.11764706]
[ 7.34407782 -3.86947055 -2.14117647]
[ 6.65169103 -4.95046866 -2.16470588]
[ 6.52810538 -5.27835309 -2.02352941]
[ 7.42680524 -4.98047565 -2.11764706]
[ 7.47177618  5.69863875 -2.11764706]
[  7.60015499 -12.45445614  -2.07058824]
[ 7.67316233  2.12093979 -2.14117647]
[  7.72792733 -12.15159761  -2.        ]
[ 7.24928752  3.02332664 -2.02352941]
