[ 7.84361521  7.14294293 -0.5511099 ]
[ 1.11226542  3.09529381 -1.16457219]
[-11.4336087   11.08102566  -0.88381858]
[ 0.51187489 11.80604394 -1.434531  ]
[1.74992066e+00 1.19782401e+01 3.13725490e-03]
[-1.00053908 12.17879153 -1.40761246]
[7.40933006 9.34568643 0.39294118]
[11.06515044  6.45980605 -1.88403361]
[-12.24780337   8.41329163  -1.70678733]
[ 9.55202095  7.21961773 -1.7719457 ]
[ 2.1633693  11.71448546 -1.13921569]
[ 8.69582394  8.58849731 -1.76732026]
[10.0205192   7.97760819 -0.39477124]
[11.34397194  7.17447261 -0.25294118]
[11.84888677  2.98430039 -1.23361345]
[10.3360053   8.53101772 -0.04033613]
[-10.36327645  10.14438437  -1.94621849]
[10.96375664  4.63671708 -1.73333333]
[12.0289704   7.05780473 -0.54117647]
[ 5.69290272 11.29924135  0.24705882]
[-11.85610807   9.96645788  -1.01568627]
[11.70286325  5.63469319 -1.21568627]
[-12.08440746   8.70273741  -0.63529412]
[-11.65754148  11.26406561  -0.51764706]
[9.37286058 7.67183457 0.11764706]
[10.55618835  6.66417555  0.30588235]
[11.8622958   5.81973365 -1.95294118]
[12.26137413  7.68885628 -0.55882353]
[8.43848733 8.52566385 0.44705882]
[ 4.71741547 11.22334322  0.07647059]
[-9.03250558 12.33164508 -1.83529412]
[ 9.23022187  7.50577278 -0.54117647]
[ 2.09165846 11.96851504 -1.75882353]
[ 2.15479228 12.29906396  0.1       ]
[11.64029439  4.83788962 -0.11764706]
[10.77815001  7.62649465 -0.86470588]
[-10.82563143  11.72687561  -0.25882353]
[-12.12295743  10.49341824  -0.54901961]
[ 3.32424472 12.43410136  0.43921569]
[11.57922728  7.34117677 -0.66666667]
[ 5.21870551 10.43425164 -0.09411765]
[12.10127111  7.33042561 -0.32156863]
[ 0.13370616 12.3982157   0.7372549 ]
[ 7.70142977  9.05060664 -1.77254902]
[11.20910146  9.63339695 -0.13333333]
[12.07469942  6.86886082  0.11764706]
[ 8.77846871  7.74045812 -1.67058824]
[-9.61609379  9.80115607 -2.10980392]
[10.13072296  8.34475181 -0.58039216]
[ 9.83368409  7.67503572 -0.48235294]
[12.28632972  8.85795731 -0.21176471]
[10.18723216  8.56178139 -0.82352941]
[ 2.37184694 11.17534711 -0.63529412]
[ 2.58276712 10.65252685  0.15294118]
[10.58962483  9.28982602 -0.32941176]
[ 3.44977615 11.20818696  0.32941176]
[ 3.55785272  8.97239631 -0.45882353]
[ 3.76386573 11.42171873  0.43529412]
[ 4.03708859 11.76127087  0.35294118]
[ 4.12352457 11.86230972 -0.35294118]
[10.72573174  6.16201764 -0.21176471]
[ 4.98491316 12.05283835 -0.25882353]
[ 9.12427962  7.62461005 -1.61176471]
[11.37204689  4.37582351 -0.8       ]
[6.46218099 9.32768573 0.75294118]
[ 6.76527497 10.35977624  0.78823529]
[ 7.02238961  8.40272993 -1.88235294]
[12.01409202  8.85455424 -0.83529412]
[ 8.68503279  7.43437531 -2.10588235]
[10.78905942  7.60084667 -0.35294118]
[7.90406862 6.76508143 0.55294118]
[ 8.49776887  8.7006421  -0.10588235]
[8.14060961 8.88914776 0.12941176]
[11.06344241  8.25066105 -1.92941176]
[8.24682812 7.75765405 0.65882353]
[ 5.2848017  10.86551087  0.36470588]
[-7.507302   11.78592021 -2.11764706]
[ 1.35006798 12.45917699 -1.08235294]
[ 1.36127325 11.59732521  0.98823529]
[-10.25402333  12.46562538   0.02352941]
[-12.41286455   8.83997522  -0.04705882]
[-8.47083633 11.77662082 -2.15294118]
[ 1.48822082 12.30470689 -1.43529412]
[ 1.73766353  3.08729183 -2.08235294]
[-12.41678513   8.97306828  -1.45882353]
[-9.42445029 11.35901949  0.09411765]
[ 6.12205148 10.85932184 -0.34117647]
[ 1.88468719  4.12783788 -1.22352941]
[-12.41151424   9.03932123  -0.52941176]
[ 2.06126796  3.84776345 -1.83529412]
[-9.66585536 10.86281081 -0.91764706]
[ 1.89255074 12.36565377  0.55294118]
[-10.25592623  11.55291182  -0.35294118]
[ 9.89547546  9.22670236 -1.17647059]
[-10.54465685  12.12228972  -0.87058824]
[-10.57932984  10.88027741  -0.77647059]
[10.20157802  7.27545776 -0.49411765]
[10.35469957  4.65100129 -2.07058824]
[-10.62513775  12.30097301  -1.10588235]
[-10.76944876  11.57368081  -0.63529412]
[10.62539752  7.70550252  0.21176471]
[-10.82306275  12.42849218  -0.11764706]
[10.59684664  6.22150503 -1.01176471]
[10.62055977  7.90535868 -2.02352941]
[9.86943025 6.37851477 0.16470588]
[ 9.82080324  9.22139823 -0.35294118]
[-10.20315407  11.34551419  -0.07058824]
[-10.85059858  12.17927144  -1.38823529]
[ 9.75481311  9.92008786 -0.07058824]
[9.72101281 7.16924434 0.30588235]
[ 9.50214372  8.87315465 -0.63529412]
[ 9.44932722  9.89725249 -0.32941176]
[ 9.39670213  9.32707297 -1.71764706]
[-10.17733633  11.13007274  -2.11764706]
[ 9.32765563  7.77627246 -0.35294118]
[ 9.29402197  8.24555961 -0.44705882]
[-10.02966513  11.79894165   0.09411765]
[ 9.17860584  9.38012016 -0.75294118]
[ 9.76979207 10.04728513 -0.58823529]
[12.40491862  4.90247023 -1.90588235]
[12.31992022  9.50329728 -0.91764706]
[12.32879658  7.80333071  0.25882353]
[12.29627691  6.52919261 -0.42352941]
[-12.49610162  10.35011591  -0.65882353]
[12.18085511  7.82727693 -1.05882353]
[12.13012047  6.42879319 -2.04705882]
[-12.3979783    7.85429134  -1.15294118]
[11.89481985  6.44618328 -1.57647059]
[11.84948391  5.62052406 -0.09411765]
[-12.37724253  11.94638793  -1.01176471]
[-12.30595045  12.350879    -0.65882353]
[-12.20438831  11.72180823   0.77647059]
[11.65325463  8.59575385 -0.42352941]
[-12.17475325   8.4242782   -1.01176471]
[10.84897212  4.40268731 -2.16470588]
[-10.84489036  10.47926822  -1.74117647]
[10.72888404  7.16916191 -0.25882353]
[-10.84978966   9.92032746  -1.69411765]
[10.79624297  9.10257853  0.11764706]
[ 9.14698269  8.97856412 -0.11764706]
[-11.12703869  11.02885225  -1.03529412]
[10.98066178  7.09540405 -0.09411765]
[11.57051775 10.0781988  -0.51764706]
[-11.60429719  12.07896528  -0.77647059]
[-11.74790076  11.02362659  -1.05882353]
[-11.85497863  12.28083045  -0.54117647]
[11.35433721  3.6446804  -1.81176471]
[11.37378737  6.07052832 -2.07058824]
[11.39432746  6.9751453   0.63529412]
[-11.92653305  11.16937944  -1.55294118]
[-12.14692506  11.25532113  -1.95294118]
[-11.57846971  12.45188682  -1.57647059]
[ 6.74432846  9.89639534 -0.09411765]
[ 6.59456946  8.57683391 -1.17647059]
[ 6.52315863 10.09517632 -0.44705882]
[ 1.22548782  3.2446054  -2.04705882]
[ 6.10064399 11.37397229 -0.49411765]
[ 6.02203108 10.9048086   0.49411765]
[12.42528107  7.3487012  -2.07058824]
[5.99548673 7.5048132  0.68235294]
[ 1.30118628  2.40441207 -2.        ]
[5.54485626 8.80457254 0.65882353]
[5.47421962 8.5453802  0.44705882]
[ 5.29423482 12.25014159  0.28235294]
[5.29585673 9.851577   0.44705882]
[ 1.29922733 12.12105158  0.72941176]
[ 4.91976217 11.92885256  0.37647059]
[ 8.7484571   8.37316765 -0.49411765]
[ 4.80283888 11.65317268 -0.42352941]
[ 4.65459234 11.72896923  0.49411765]
[ 1.3747653  11.76995294 -2.04705882]
[ 4.59826423 11.07338245  0.35294118]
[ 4.47161312 11.7038102  -0.04705882]
[ 4.42621151 11.42591089  0.47058824]
[ 1.40129531 12.04563231 -1.12941176]
[ 3.52551809 11.47732253 -0.30588235]
[ 1.82699722 11.01936559 -1.55294118]
[ 1.85391439  9.97093612 -0.77647059]
[ 3.15561443 12.26944345 -0.23529412]
[ 3.12878283 11.83054282 -0.07058824]
[ 2.7951226  11.65309633 -0.04705882]
[ 1.89866553 11.55574726 -1.67058824]
[ 2.12212357 11.09634382 -0.32941176]
[ 4.92519465 10.2807009   0.51764706]
[-9.97200563 10.36925325 -1.97647059]
[ 9.00331272  9.36913681 -0.14117647]
[ 8.87978062  7.24438585 -0.84705882]
[ 8.84767829  8.04813716 -0.25882353]
[ 8.75555564  6.12299659 -1.74117647]
[ 8.72332768  8.92924347 -0.16470588]
[-9.22719979 11.80102811 -0.94117647]
[8.65123547 9.30392965 0.04705882]
[ 8.64665795  8.37861221 -0.02352941]
[8.52791244 5.57446438 0.18823529]
[ 8.502964   10.22701738 -0.47058824]
[-8.80487638 10.23014487 -2.04705882]
[-8.62609994 12.39773368 -1.95294118]
[ 8.37656713  8.15231317 -1.62352941]
[ 8.17745813  9.27159625 -1.78823529]
[ 0.74578562  3.09828622 -1.48235294]
[8.07357103 8.39975095 0.07058824]
[8.08054618 7.57284035 0.04705882]
[-1.80298646 12.04490072 -1.45882353]
[ 7.94748928  9.79487459 -0.51764706]
[-0.37720912  2.18022545 -1.81176471]
[ 7.65197225  8.87586029 -0.58823529]
[ 7.61996735  7.3732551  -1.95294118]
[-0.25506836 11.7763817  -2.07058824]
[ 7.32030458  8.42362526 -0.61176471]
[ 7.26953923  6.53026747 -1.78823529]
[ 7.24439379  8.09942657 -0.44705882]
[ 7.24564155  5.83013563 -2.14117647]
[ 0.0502613  11.92431027 -2.11764706]
[ 0.06978089  3.19463393 -1.36470588]
[6.92839207 8.59673639 0.16470588]
[ 8.12339715  9.18042233 -0.8       ]
