[ 5.44464573  8.6706819  -0.6124951 ]
[ 1.23902356  3.12282091 -1.21491798]
[-4.57663705 11.38256527 -1.40763359]
[-12.01491982  11.16924839  -0.53157647]
[-10.63463378  11.35092303  -0.73401535]
[-11.88105938  11.98250457   0.20300958]
[-3.51817917 12.12081126  0.42823529]
[-12.33250875  10.38422893  -1.08104575]
[-10.63526186  11.58194484   0.62975779]
[-0.78378553 10.96460758 -0.23529412]
[ 2.35914398 11.84411704 -0.3254902 ]
[ 5.44383049  9.64577785 -0.29090909]
[ 7.00881518 10.12971357 -0.34823529]
[-0.47498862 11.68958848 -1.82823529]
[ 0.17472367 11.30397473 -1.85359477]
[-11.73676977  10.89763176  -1.7620915 ]
[ 6.91870995 11.22433064 -0.37385621]
[-5.3377969  12.20002029 -0.12058824]
[ 6.7198856   8.9637531  -1.87058824]
[-2.5169931  12.11474624 -1.69411765]
[10.2514907  10.83166744 -1.52268908]
[ 8.81703285  8.16033452 -1.96302521]
[-0.13221592 11.92992385  0.44033613]
[ 9.40789024 10.24168583 -0.76078431]
[ 8.37155663  8.66542199 -1.93333333]
[11.54768595  9.34892581 -1.22352941]
[-0.23519734 11.21150652 -1.15686275]
[-12.3151803    9.77923948  -1.74509804]
[ 7.60683366 11.52829697 -0.22588235]
[-11.5016378   11.92783419   0.78117647]
[ 2.05519475 11.48494144 -1.43058824]
[12.00480707  9.78443379 -1.51529412]
[ 0.07946424  9.27421014 -1.9       ]
[ 7.3841625   9.92978025 -0.61176471]
[-12.30563575   6.60642085  -2.09411765]
[-4.2184074  12.2120573  -0.11176471]
[ 5.61742928 10.78708428 -0.38823529]
[ 2.15170163 11.30599262 -0.7       ]
[10.44808467  5.22726593 -1.41764706]
[-11.19454762  11.38586467  -1.59411765]
[ 5.94070109  8.50777599 -0.95686275]
[-0.61644851 10.93086939 -1.44313725]
[ 1.88965319 10.10499326 -1.09019608]
[-0.24105571 10.73545684 -1.0745098 ]
[ 1.88298282  9.23353189 -0.63529412]
[ 1.94815126  4.265914   -1.59215686]
[-7.29948219 12.16132131 -0.45490196]
[-12.33907816   9.05008642  -1.74117647]
[10.61033299  8.84132556 -0.85490196]
[ 8.15310312 10.5351064  -0.24313725]
[10.08487535  8.09344015 -1.8745098 ]
[11.88595946  6.54076646 -1.09803922]
[11.03907048  7.00003823 -1.42352941]
[11.3488621   7.97282919 -1.36470588]
[11.71369462  8.82777542 -1.57647059]
[11.70168846  6.56089549 -1.91764706]
[11.76036607  8.87869281 -1.05882353]
[11.76056686  6.8514673  -0.48235294]
[ 1.77836073 12.42893453 -0.69411765]
[11.81099698  7.19155194 -0.62352941]
[12.24788221  8.77820325 -1.11764706]
[12.37603246 10.57571723 -1.11764706]
[ 0.97364755  9.14677426 -2.07058824]
[ 0.85950354 12.18701165 -0.91764706]
[ 0.41079521 11.17841548 -1.50588235]
[10.98516639  9.73675436 -0.63529412]
[ 7.82389514 12.3546457  -0.17647059]
[ 7.9460314   9.36457372 -0.30588235]
[6.37313955 9.55244372 0.07058824]
[ 6.34884016 10.90175575 -0.51764706]
[8.14503956 9.10975303 0.17647059]
[ 8.27599503  9.5378362  -0.96470588]
[ 8.25225039  8.42078409 -0.15294118]
[ 0.88703904 12.13392146 -1.54117647]
[ 9.76481693  5.58741137 -2.05882353]
[9.92778637 6.31045286 0.16470588]
[ 3.7857629   9.10333561 -0.35294118]
[ 3.64886987 11.05388197 -0.09411765]
[ 3.52850432  9.80058353 -0.16470588]
[ 2.33753175 10.59967334 -0.45882353]
[10.46589018  7.62570624 -1.94117647]
[10.53554262  8.38891943 -2.02352941]
[ 5.25240981 10.13821907  0.15294118]
[-12.1487127   10.02407888  -0.50588235]
[-2.83349326 11.9356666  -1.50588235]
[-3.0869661  11.38502038 -1.67058824]
[-12.02290202  12.3259389   -1.56470588]
[-5.63734495 12.11435646 -1.89411765]
[-6.42003297 12.02653316 -0.2       ]
[-11.88459467  11.52040344  -2.05882353]
[-11.70954061  11.50323726   0.38823529]
[-12.37522605   8.12614351   0.12941176]
[-11.27219572  10.2747712    0.32941176]
[-11.87434328   8.78631669  -2.15294118]
[-11.42877097  12.24984639  -1.85882353]
[-10.42681564   9.98687057  -2.12941176]
[12.40916917 10.40276104 -0.77647059]
[-10.95141986  11.64568311  -1.01176471]
[-0.13574251 11.84911889 -1.24705882]
[9.67502847 7.20474436 0.47058824]
[ 9.57457069  8.25324074 -1.92941176]
[ 9.45450947 11.09926677 -0.49411765]
[ 9.45599784  9.57647883 -0.98823529]
[ 9.67896052 10.37296464 -1.45882353]
[-11.32510436  11.77962438  -0.23529412]
[ 9.32629865 12.45223071 -0.98823529]
[ 9.90576757  9.98097289 -1.03529412]
[ 9.97319609  8.69575379 -1.97647059]
[-11.42898136   9.31904343  -2.16470588]
[ 9.84475137  9.12508016 -0.98823529]
[-10.92042426  11.30482171  -1.10588235]
[ 8.30427303  9.12699679 -1.08235294]
[ 8.32178502  9.07935259 -0.25882353]
[ 8.34782808 11.14685009 -0.61176471]
[ 8.3787322  10.3500236  -0.98823529]
[8.44498155 9.40455935 0.4       ]
[ 8.49958855  8.94500303 -0.75294118]
[ 8.99955059 11.05287167 -0.35294118]
[-11.17439111  11.62935351   0.35294118]
[ 8.7301421   6.74665511 -2.11764706]
[ 8.7210628  10.51977269 -0.54117647]
[ 8.87777451  8.7055935  -2.        ]
[ 8.92352586  9.07293778 -1.31764706]
[10.02775426 10.40088679 -1.55294118]
[-11.19506505  11.60573211  -0.70588235]
[ 9.22657477 10.2306926   0.07058824]
[ 8.50110119 10.85425774 -0.42352941]
[-12.27799118  11.35464111  -1.67058824]
[11.72742275  8.40593005 -1.17647059]
[-12.27584266   9.9041287   -0.11764706]
[-12.29917802  10.29724217  -0.28235294]
[11.74601316  7.68047787 -1.15294118]
[11.74675576  9.94776189 -2.16470588]
[-12.32796776  11.47913675   0.07058824]
[10.4290347  11.50003794 -1.62352941]
[11.98019429  7.24508054 -1.01176471]
[12.02168865  8.54673    -1.2       ]
[12.07301534  9.25314372 -1.62352941]
[12.07948116  9.52768858 -1.12941176]
[12.15010382  9.17469487 -1.17647059]
[-12.45502413  12.25275727   0.23529412]
[-12.45211507   9.79441998  -0.61176471]
[12.45130611  8.80189918 -1.45882353]
[-12.32490312  11.17607689   0.02352941]
[-11.49849828  11.82674398  -0.82352941]
[10.05121305 11.6232309  -0.94117647]
[10.17498991 10.37011177 -1.03529412]
[-10.90501396  11.55091702  -1.92941176]
[-11.57454824  12.43064874   0.75294118]
[10.62197608  9.22252373 -2.09411765]
[10.72669072 11.89625382 -1.6       ]
[10.79494001  8.52929193 -1.41176471]
[11.41998048 10.42165042 -2.18823529]
[10.97731554  9.32345404 -0.51764706]
[-11.95565596   9.92840233  -0.84705882]
[-11.9806394    9.40182958  -1.92941176]
[11.07437417  6.74855572 -0.32941176]
[11.19442693  9.52049386 -2.14117647]
[11.22985323  9.07634985 -2.09411765]
[11.30231755  8.92515862 -1.74117647]
[11.36908984  8.51950093 -1.6       ]
[10.82599849  9.49944531 -1.24705882]
[ 1.84875916 12.12536096 -0.75294118]
[-0.92103761 10.77170214 -0.96470588]
[ 1.87676291 10.8787654  -1.38823529]
[-0.95471164  2.90171804 -2.07058824]
[-1.34731339 12.32041302 -1.74117647]
[-1.82811039 11.67156462  0.49411765]
[-2.12933842 11.69943017 -2.11764706]
[ 2.12041925  9.29508628 -0.07058824]
[ 8.02966668 10.42766611 -1.97647059]
[-2.17691132 10.84494297 -2.18823529]
[ 2.60519131 11.59654003  0.09411765]
[-2.50154534 11.35541063 -1.08235294]
[ 3.84552177 10.70217353 -0.35294118]
[ 3.87658437  9.35212796 -0.56470588]
[ 4.05195449  9.62634573 -0.51764706]
[ 4.47146493 10.44831506 -0.23529412]
[ 4.57676545  9.22952356 -0.51764706]
[ 2.17224632 11.97745766 -1.34117647]
[ 0.20158182 11.70120577 -0.28235294]
[ 0.24663991 10.79902991 -1.50588235]
[ 0.12829272  9.67935993 -2.02352941]
[ 0.35461169  8.97254435 -2.16470588]
[ 0.44805858 11.89916774 -0.25882353]
[ 0.74455969 12.17277059  0.30588235]
[-5.72611099e-04  1.11009054e+01  4.23529412e-01]
[ 0.82912172 12.42192637 -1.67058824]
[ 1.84880116 10.17341423  0.37647059]
[ 1.02757563 12.18098877  0.47058824]
[ 1.21940784 11.64974932  0.30588235]
[ 1.22821136 11.95193305 -1.52941176]
[ 1.37028464 10.1973376   0.37647059]
[ 1.5787924  12.00394018 -1.6       ]
[-0.57469137 11.45225905 -1.36470588]
[ 1.80478605 11.82155185 -0.56470588]
[-0.64529255 12.47812807  0.25882353]
[-0.0788726  10.88076486 -1.74117647]
[6.5941387  9.72478862 0.30588235]
[ 6.67445044  9.2740464  -1.27058824]
[ 6.72545099 10.37206601 -0.49411765]
[ 6.74618003  8.22611575 -1.81176471]
[ 6.75579939  8.39484453 -1.38823529]
[-5.99880853 11.85150426 -1.12941176]
[ 6.86973847  8.77373434 -0.51764706]
[ 7.12305533  6.64577203 -0.04705882]
[ 4.87564115  9.67169351 -0.35294118]
[ 7.37166879  9.57476291 -0.51764706]
[-7.60159508 12.3992184  -0.68235294]
[-9.74497871 11.70574046 -0.58823529]
[ 7.80008232  9.05015301 -1.78823529]
[ 7.79883755 11.95317964 -0.18823529]
[-10.85196136  11.30229096  -1.43529412]
[ 8.07689402  9.80190417 -0.49411765]
[-10.90387388  11.85176343  -0.35294118]
[7.22419541 9.48082703 0.16470588]
[4.96906436 9.95079255 0.09411765]
[ 5.12575243 10.37814986  0.4       ]
[-3.6234688  11.37102845 -0.07058824]
[-3.65524123 11.8049326  -1.45882353]
[5.27269219 9.7242463  0.32941176]
[ 5.32436617  9.24804902 -0.56470588]
[-4.3974568  12.0757092  -2.02352941]
[ 5.72149534 11.80071679 -0.49411765]
[ 6.5738659   9.67660546 -0.63529412]
[-4.69497994 12.07218599 -1.95294118]
[6.07727424 9.54874078 0.16470588]
[ 6.24714968 10.57647097 -0.47058824]
[-4.74887261 12.32923008  0.18823529]
[-5.00497049 12.39901829 -0.35294118]
[ 6.45374961 10.10111973 -0.47058824]
[-5.17578265 12.07183134 -1.92941176]
[ 6.52911678  9.52068766 -0.35294118]
[ 5.8546786   9.95502419 -0.51764706]
