[ 0.74782389  3.08320248 -1.08501619]
[ 3.08737534  3.43056    -1.28366013]
[ 3.16809143  2.73797819 -1.63548911]
[ 7.14594666 -4.78423566 -1.47832817]
[ -0.04619092 -12.34473368  -1.86470588]
[12.10016303 -3.14485426 -2.09411765]
[11.93327321  9.38875194 -2.13333333]
[12.12466255 -4.37310968 -2.15686275]
[11.74097779 -3.66168308 -2.15294118]
[11.78909153 -4.68572809 -2.15294118]
[11.38431105 10.11719279 -2.16470588]
[ 11.81931736 -10.24425272  -2.18823529]
[11.7943604  -4.17044459 -2.16470588]
[12.17626432 -3.8545838  -2.11764706]
[12.17674247 -2.67771049 -2.14117647]
[12.19961042 -9.74831347 -2.16470588]
[11.7009504  -5.34459721 -2.09411765]
[11.45432809  9.74959015 -2.11764706]
[ 11.39822347 -10.57773715  -2.16470588]
[12.35508756 -8.97741639 -2.09411765]
[10.57108478 -3.6459886  -2.18823529]
[10.52329223  7.84614454 -2.14117647]
[10.5278093  -2.55245037 -2.16470588]
[10.44475318 -3.06912888 -2.09411765]
[10.37688277 11.45475524 -2.11764706]
[ 9.20234567  7.94988201 -2.09411765]
[ 8.82454854 -9.84423314 -2.16470588]
[ 1.27246882  3.17561439 -2.07058824]
[ 0.27719259  3.47586208 -1.76470588]
[-1.84420604 -2.07041043 -1.10588235]
[10.82053673  3.20223903 -2.09411765]
