[-4.0093119   9.08769491 -0.64830575]
[ 0.72299476  3.058522   -1.13638251]
[ 3.13395785  3.17153339 -1.45900452]
[ 4.33638822 10.97144965  0.02594268]
[ 6.66530128  8.89203988 -1.05326797]
[ 5.93967579  9.75797752 -0.27394958]
[ 4.53162713  9.78670554 -0.08235294]
[-3.48769947 10.58522366  0.15058824]
[ 1.58018712  9.158999   -1.44183007]
[ 1.51405753  8.50399211 -1.1654902 ]
[ 3.57955061 11.13302621 -0.41176471]
[-7.69224577 10.36304658 -1.32235294]
[ 0.40354565 11.37226484 -1.6496732 ]
[-0.96623552 10.84413121  0.27941176]
[ 1.93920634 11.47869484 -0.44411765]
[ 1.2338878  11.79848919 -0.45042017]
[-2.40080716 10.67276988 -1.69019608]
[ 1.00132406  4.31266287 -0.08627451]
[-9.1580543  10.82134756  0.57411765]
[-3.56937523 10.99369616 -1.58117647]
[-8.01332706  9.45300263 -0.28705882]
[-11.99810871   8.7465227    0.83294118]
[-6.28075757 11.40903091  0.4       ]
[-10.59006594  11.92443863   0.07058824]
[-10.7823623    9.23508392  -1.47647059]
[-9.0117607 10.5423846 -0.5      ]
[-4.98208885  9.63298951 -1.86470588]
[-4.50668092 10.64249063  0.34117647]
[ 7.08393846  9.91533621 -1.35686275]
[-0.41452461 10.17646508 -1.59215686]
[ 0.40128786 10.08365153 -0.15686275]
[ 0.35030411 11.3105532   0.37647059]
[-3.43224373  9.81524403  0.30588235]
[-1.15953713  9.24127188 -0.84705882]
[ 6.9674588  10.54929891 -0.50196078]
[ 4.01627021 11.73299009 -0.48627451]
[-9.96580041 10.56899697  0.05490196]
[-2.02481366 10.6913514  -1.92941176]
[ 1.06726353 10.09705954 -1.89019608]
[-8.47851455 11.25774506  0.69803922]
[-9.34326955  9.60956158 -0.99607843]
[-4.53655531 10.76608613 -0.02352941]
[-4.67435573 11.27896269 -1.31764706]
[-5.04676036 10.03358533 -1.84705882]
[-5.22702867 10.2148442   0.41176471]
[-5.38465056  9.11343363 -0.27058824]
[-5.79858717 10.73675216  0.31764706]
[-7.07167192 11.49948901  0.22352941]
[ 7.0639616   9.58965736 -2.11764706]
[ 5.73479619 10.47086545 -0.41176471]
[-2.01256918 10.68610526 -0.04705882]
[-1.64941677 10.93934671 -1.72941176]
[ 5.60498862 11.64959507 -0.37647059]
[5.27607002 9.82214914 0.22352941]
[ 4.96124887 11.85216405 -0.18823529]
[ 4.30819662 12.17637358 -0.38823529]
[ 0.66481325  9.83759058 -1.78823529]
[ 0.80046687 10.50870604 -1.94117647]
[ 0.73776261 11.45827499 -0.44705882]
[ 0.87362144 12.42112278 -0.32941176]
[ 1.06221011  9.75950494 -1.87058824]
[ 1.13859631 10.00119464 -1.41176471]
[ 2.01325673 12.30050528 -0.16470588]
[-1.1240142   9.04879955 -2.07058824]
[-8.42690556  9.77429499 -1.01176471]
[ 7.21211238 10.41502739 -0.01176471]
[-10.63776261  10.3517513   -0.21176471]
[-8.30039828 10.18783346 -0.09411765]
[-10.57919995   8.23577869  -0.27058824]
[-12.15142079   8.71276275  -0.42352941]
[-7.49107616 10.63680059 -0.82352941]
[-11.81056717   9.45041743   1.01176471]
[-7.58782371  8.91453011  0.34117647]
[-10.67588421   8.78751137  -1.28235294]
[-10.07017271  10.42436839   0.78823529]
[-10.13575495  12.20428595  -0.22352941]
[-10.05126121  11.92418878  -0.49411765]
[-10.12200752   9.49783211  -1.81176471]
[-10.24418465  11.26994701  -0.32941176]
[-10.00024759  10.4059255   -0.32941176]
[-10.45099731  11.57517691  -0.23529412]
[ 1.41966324 11.27671422 -0.44705882]
[ 1.57868241 11.47524553 -0.07058824]
[-10.57602313  10.92536658  -0.44705882]
[ 2.26977719 10.84403525 -0.63529412]
[-10.42843299  10.19944411  -0.82352941]
[-0.42622978  9.57900774 -2.07058824]
[-0.19924124 10.47162675 -0.09411765]
[-0.15543398 12.33096025 -0.96470588]
[-0.02610623  9.62995068 -1.69411765]
[0.02774722 9.09973034 0.58823529]
[ 0.1978089   9.65179702 -0.54117647]
[-9.07819745 11.67431427 -1.24705882]
[ 0.24994553  8.39594472 -1.88235294]
[-9.39761703  7.4030714  -1.90588235]
[-9.22852358 10.22349585 -2.02352941]
[ 0.33098161 11.32310833 -0.11764706]
[ 0.3477491  10.57655915 -0.49411765]
[ 0.40415712 12.44787484 -1.01176471]
[ 0.44434008 11.84700198 -0.25882353]
[ 0.48064888 10.19551443  0.21176471]
[-9.33038374  8.79862085 -1.90588235]
[ 2.27681738 11.31902017 -0.51764706]
[-9.85359452  8.99943637  0.63529412]
[-9.07884373  9.62565331 -1.52941176]
[ 3.82792441 12.09497147 -0.28235294]
[-11.87891999   9.22711095  -1.05882353]
[ 4.82900988 12.42482399 -0.58823529]
[-11.89439433   9.97985107  -0.11764706]
[-11.95100498  11.55269045  -0.51764706]
[-12.00248606   9.50331415   0.09411765]
[ 5.24982594 11.44941961 -0.4       ]
[ 2.47186918  9.92124887 -0.58823529]
[ 5.68031346  8.95361551 -0.30588235]
[-12.07620004   8.02762271  -1.12941176]
[ 5.80050435 10.94808608 -0.21176471]
[-12.27910017  10.42241762   0.23529412]
[-12.37721659   9.85230845  -0.11764706]
[-12.41913239   9.35041068  -1.10588235]
[ 7.0216327  10.02130233 -0.42352941]
[ 7.22960551 10.04511004 -0.72941176]
[-12.05274387   9.72701233   0.91764706]
[ 2.32256347 10.00307965  0.09411765]
[-8.999623   10.34882071  0.16470588]
[ 2.6051639  11.1442289  -0.18823529]
[ 2.63040996 10.29962396 -0.68235294]
[ 2.67963127  9.69571487 -0.4       ]
[ 2.69558965  9.95395469 -0.11764706]
[ 2.87005805 11.07631358 -0.51764706]
[2.95319927 8.96929379 0.51764706]
[-11.37150581  10.44415198  -0.16470588]
[ 3.09861307 10.47677009 -0.56470588]
[ 3.29804462 12.39572862 -0.68235294]
[ 3.42593035  3.25510178 -1.81176471]
[ 3.48022848 11.14716808  0.14117647]
[ 3.46934319 11.89505591 -0.42352941]
[-10.7190981    8.25259318  -2.02352941]
[ 3.64914298 10.33096684 -0.09411765]
[ 3.76914811  2.84653008 -2.07058824]
[ 3.0190664  11.57979323 -0.61176471]
[-5.37374349 10.27475616 -1.71764706]
[-5.30058701 11.03022907 -1.50588235]
[-5.25490156  9.82190416 -0.18823529]
[-5.22839004 10.6447102   0.35294118]
[-5.16926375  9.52415414 -0.14117647]
[-7.60127837  9.47107742 -1.01176471]
[-5.12447026 10.49823656 -0.14117647]
[-0.58010804 10.70202558 -1.95294118]
[-4.87575666 10.49449263 -1.55294118]
[-4.84845249  9.92999405 -1.50588235]
[-4.79624252 10.95095888  0.21176471]
[-7.77681568  9.62525801 -2.02352941]
[-8.02370528 10.45199638 -0.65882353]
[-4.65323058 10.873638   -1.76470588]
[-4.57209211  9.55096742 -1.12941176]
[-8.15138987  9.37300901 -1.2       ]
[-5.05234384 10.77091091 -1.57647059]
[-7.04600859  9.87130283 -0.70588235]
[-7.05510671 10.17036662 -1.90588235]
[-6.69640534 10.02867104 -0.65882353]
[-6.60435396 10.57599122  0.98823529]
[-6.55186362 10.32527492 -1.31764706]
[-7.27872627 10.79934352 -0.63529412]
[-6.42361422 10.55319494 -0.30588235]
[-6.22940497 10.29927023  0.4       ]
[-7.44930745  9.77597846 -0.72941176]
[-5.8986516  10.04615515 -1.29411765]
[-5.82530259 10.02878436 -0.14117647]
[-7.42241498 11.17374171 -0.49411765]
[-5.7480292   9.45259685 -1.92941176]
[-5.65543725 10.19771229  0.32941176]
[-5.54961104  9.27737606 -0.49411765]
[-5.47576698  9.95431269 -0.35294118]
[-5.43057186 11.02846246 -1.88235294]
[-6.14813941  9.77543719 -1.12941176]
[-2.05034468  9.22614232 -0.70588235]
[-8.79454103 10.1696505  -2.04705882]
[-8.82936349  7.59749609 -1.34117647]
[-1.67679536 10.32659269 -0.91764706]
[-1.49991643  9.98059338 -1.43529412]
[-1.45197945 10.42103691 -1.90588235]
[-8.87186773 10.7294314   0.4       ]
[-1.25339301  9.57838827 -0.68235294]
[-4.50231798 10.80176876 -0.82352941]
[-8.88049797 10.00112553  0.82352941]
[-1.04623112  9.62550312 -0.4       ]
[-8.97849215  9.87166447 -2.        ]
[-0.92133149 10.39749215 -1.81176471]
[-0.65062823  9.44729123 -0.49411765]
[-0.65144202  9.83082538 -0.37647059]
[-0.60096323 10.67857979  0.16470588]
[-0.49410605  9.7279271  -1.71764706]
[-8.87616715 10.27491454 -0.16470588]
[-4.39551699 10.43035884 -0.16470588]
[-4.21947125 10.14826547 -0.21176471]
[-4.12392461 11.32398595 -1.29411765]
[-8.26906724 10.7252015  -0.89411765]
[-3.77782608  7.70255329 -2.18823529]
[-3.64616836 11.20514362 -0.28235294]
[-3.4780795   9.15513693 -2.07058824]
[-8.43057729 10.85144452 -1.81176471]
[-8.72738128 10.54866164 -0.02352941]
[-3.09870884 11.0193567  -0.18823529]
[-2.99753895  8.24926441 -1.92941176]
[-2.9034601   8.65516453 -2.        ]
[-2.84784066 10.72988443 -1.50588235]
[-2.70310081  7.65288833 -1.92941176]
[-2.67242069  9.9489871  -1.45882353]
[-2.64844176 10.82787275 -0.11764706]
[-2.3748624  10.52507297 -0.18823529]
[-3.15564568  9.87032312 -0.54117647]
