[ 1.05441812  3.09892709 -1.14956422]
[ 3.17541915  2.65085771 -1.6556814 ]
[-6.61834228 -5.60484092 -1.76282353]
[12.25567665  1.9030925  -2.10196078]
[12.03554103  2.76926463 -2.09411765]
[12.3237429   8.74133936 -2.11764706]
[12.38609598  0.42373639 -2.10588235]
[12.23888171  8.34597749 -2.08235294]
[11.32551963  9.96963302 -2.12941176]
[11.89097255  4.40113756 -2.11764706]
[10.67665452  2.74622822 -2.16470588]
[11.90503776  3.28413086 -2.12941176]
[10.92195593  1.50037634 -2.16470588]
[11.14402529  6.17755294 -2.14117647]
[11.62848833  4.82374796 -2.16470588]
[11.64737219  5.5463533  -2.11764706]
[11.74508859  9.72069037 -2.11764706]
[11.84753979  2.24680296 -2.07058824]
[11.92992926  3.82374284 -2.11764706]
[12.02447758  9.05398368 -2.14117647]
[12.32527035  7.92256277 -2.09411765]
[12.34438448  0.97788546 -2.11764706]
[11.12572945 10.37028754 -2.14117647]
[-5.85344215 -3.55355938 -1.29411765]
[ 1.37279806  4.04409575 -1.41176471]
[ 1.84762584  4.12363028 -1.57647059]
[ 1.92384107  4.09771912 -1.17647059]
[ 2.08061883  3.65031845 -1.85882353]
[ 3.07786894  3.05107955 -2.04705882]
[ 3.37534838  2.62797825 -0.68235294]
[ 3.77878824  2.85057457 -2.11764706]
[12.34543962 -0.52662381 -2.07058824]
[ 9.94475049 12.42919622 -2.18823529]
[10.10309214 11.75308245 -2.14117647]
[10.15165589  7.83079051 -2.18823529]
[10.17000213  8.64805922 -2.14117647]
[10.35214791  4.62230745 -2.18823529]
[10.72067418  0.94502378 -2.11764706]
[10.80555784 -0.37038643 -2.14117647]
[10.85385069  2.02134036 -2.11764706]
[10.84661535 10.82853923 -2.16470588]
[ 9.02497967  4.60102692 -2.14117647]
