[ 1.18458852  3.04087615 -1.15308744]
[12.32280688 11.9644429  -2.11336898]
[ 1.37381561  3.92093899 -1.31764706]
[11.79817874  8.82149025 -2.08627451]
[ 3.43430363  3.47082001 -2.04705882]
[ 9.97593224 11.06326078 -2.14117647]
[ 12.22392133 -10.78639406  -2.14117647]
[11.48680908  9.33363326 -2.10588235]
[12.2826302   2.45106296 -2.11764706]
[11.24877638  6.22137006 -2.10588235]
[12.42294141  0.25288004 -2.04705882]
[ 2.03790207  4.17377435 -1.44705882]
[ 1.91580203  4.01733416 -0.94117647]
[-0.9272505   2.90933918 -2.08235294]
[12.25586878  4.65297887 -2.04705882]
[12.24414009  8.52455953 -2.09411765]
[12.37509446 -3.07897219 -2.11764706]
[11.94795607  5.17920581 -2.11764706]
[11.85491055  4.74832996 -2.07058824]
[11.24760017 10.08001535 -2.16470588]
[10.57304924 10.59415363 -2.11764706]
[ 9.57212961  6.45498624 -2.16470588]
[ 9.05528977 11.78052484 -2.14117647]
[ 2.12593056  3.69884213 -1.78823529]
[12.3961454  -0.82424023 -2.16470588]
