[ 0.76823561  3.07928116 -1.08886728]
[ 3.07107013  3.47022464 -1.29679579]
[ 3.17591895  2.75876465 -1.6831643 ]
[-0.96131987  2.93035482 -1.98588235]
[ 1.99338676  3.68739984 -1.77058824]
[ 1.84013075  4.12317205 -1.18823529]
[10.76086759 -2.61118105 -2.16470588]
[12.44727511 -0.16985547 -2.07058824]
[12.42941439 -0.97089429 -2.09411765]
[12.34612658  4.64970632 -2.16470588]
[12.32112344  2.42185534 -2.07058824]
[12.32326625 -1.62861031 -2.09411765]
[12.2459898  -3.35469081 -2.09411765]
[12.25569421 -4.02882862 -2.11764706]
[12.17898993 -0.75340141 -2.14117647]
[12.17959669 -2.07028891 -2.11764706]
[12.15595682 -2.82707022 -2.18823529]
[12.14908325 -4.37641125 -2.18823529]
[12.11987746  9.32869106 -2.16470588]
[12.04700716  2.62433513 -2.11764706]
[12.01933925 -2.46994611 -2.07058824]
[11.9764475   9.84834632 -2.09411765]
[11.77371938 -0.75160253 -2.11764706]
[11.15578985  0.15130319 -2.16470588]
[11.05091931 -0.84582094 -2.07058824]
[12.41936669  1.44489226 -2.16470588]
