[ 9.9690778   5.98017324 -0.57656134]
[ 1.18501952  3.11117112 -1.14981702]
[-10.26287271  11.69615567  -1.37674166]
[ 7.62387653 11.93132984  0.36410768]
[11.20759938  6.91994872  0.30501089]
[-7.91658219 12.28352245 -0.33788235]
[-11.67707165  11.47943747  -1.17749361]
[ 8.99571996 11.07627807 -0.69747899]
[ 9.22707875  9.07548006 -1.81764706]
[-8.8475103  12.38618794  0.11176471]
[11.64072313  5.93804801 -1.90294118]
[11.32880174  7.42830432  0.39411765]
[ 6.08454709 12.3512665  -0.24117647]
[-11.08459933  12.28319608   0.21512605]
[ 8.61619614 12.00312446 -0.94117647]
[-12.43361286  11.63410858  -1.78823529]
[ 7.81720601 10.84901689 -0.83921569]
[ 7.06860211 10.86834694 -0.43294118]
[ 8.8782062   7.4521333  -1.83529412]
[11.09684273  8.47992902 -0.15529412]
[ 9.83056986  2.0946127  -1.94352941]
[10.9701905   6.02045648  0.64117647]
[-8.16419322 12.35280342  0.22352941]
[-8.83776897 12.2576081  -1.3       ]
[10.27731497 10.63885631  0.29411765]
[ 7.9970602  11.26482474 -0.93529412]
[ 9.43062606 11.62437843  0.52941176]
[-12.27858743  12.03060033  -0.89411765]
[ 8.73108448 11.12887177 -1.17647059]
[ 8.48597822  9.28869164 -1.94705882]
[11.5916837   5.98914036  0.75882353]
[10.49159214  0.75704479 -2.11764706]
[10.63364647  5.6666104  -1.9372549 ]
[ 7.43728349 11.55308967 -0.32156863]
[10.9985422   2.00244183  0.37647059]
[-11.54075243  11.10416786  -1.76470588]
[ 6.77236635 12.29840079 -0.16470588]
[-12.42046779  11.23593678  -0.98823529]
[-0.99275195  2.89293446 -2.00784314]
[11.77100909  5.94304373 -1.45098039]
[ 8.42153345 12.43436602  0.05490196]
[12.42610023  6.14773859 -1.54117647]
[12.37489732  1.06324186  0.38823529]
[-12.08626274  11.4363257   -2.03529412]
[ 8.90015199 11.27542334  0.54117647]
[12.38781155  3.65949507 -0.02352941]
[ 8.9712942  12.42634769 -0.68235294]
[ 8.97120542 10.7580489  -0.09411765]
[12.09871918  7.84935687 -2.15294118]
[11.96066683  2.94860083 -1.98823529]
[9.4374633  9.7257578  0.44705882]
[ 9.73581944  7.09666244 -0.65882353]
[ 9.88821839  8.31062064 -0.98823529]
[11.94855886  6.27509484  0.56470588]
[ 1.19891930e+01  3.94801158e+00 -1.17647059e-02]
[11.80025411  3.51101892 -0.58823529]
[10.60410558 10.47519789  0.55294118]
[10.71247173  8.26914175  0.34117647]
[11.697003    3.08789771 -2.10588235]
[11.06413118  7.13765301 -1.76470588]
[-12.39698818  11.60368489  -1.32941176]
[11.36146764  7.24950582 -1.87058824]
[11.49754067  4.57657725 -2.14117647]
[11.57575639  8.05194061 -1.31764706]
[11.53974029  4.02378349 -0.65882353]
[10.32611033  3.96500414  0.82352941]
[-9.93960733 12.47441608 -0.91764706]
[-10.32595739  12.40762298  -0.02352941]
[-8.540199   12.46749452  0.61176471]
[12.42383533  3.56343792 -1.90588235]
[ 7.45024145 11.17691179 -0.42352941]
[ 7.73618205  9.6216322  -1.38823529]
[ 7.88639295  9.5021796  -1.83529412]
[ 8.28506914 12.25764068  0.75294118]
[ 8.37433808 11.45116054 -1.27058824]
[-12.1154389   12.18826891  -1.55294118]
[ 8.45093028 10.70063252 -1.16470588]
[ 7.20991747 12.23798703 -0.18823529]
[11.75275823  5.64480792  0.82352941]
[11.72775628  4.64500598 -1.92941176]
[-10.69403515  12.14977628  -1.41176471]
[11.65203888  7.07652163  0.56470588]
[11.59679391  6.10485247  0.09411765]
[11.59550712  4.05299026  0.04705882]
[11.55093903  6.21935436 -0.65882353]
[ 1.1715365   3.20201303 -2.11764706]
[11.54650319  4.2444064  -2.02352941]
[11.55548691  1.37551543 -0.63529412]
[11.55555997  0.72194231  0.21176471]
[11.52331785  7.92195454 -0.47058824]
[ 2.39454393  3.42322783 -2.07058824]
[ 6.77741778 12.44436958  0.58823529]
[11.45178109  8.90152027 -1.34117647]
[ 6.87472689 11.3032769  -0.44705882]
[11.40053208  7.02648317 -0.30588235]
[11.37568625  5.0735478  -1.27058824]
[11.35094285  6.67371372 -0.49411765]
[-11.02348028  12.42945896  -1.34117647]
[11.32776591  1.12450857  0.11764706]
[11.29667921  4.52107651 -1.67058824]
[11.19875974  5.34608389 -0.32941176]
[ 1.11552866e+01  9.05037737e-04 -2.09411765e+00]
[-11.80571716  12.44874402  -0.23529412]
[11.0723023   8.82345238 -0.98823529]
[-10.99767631  11.87088257  -0.16470588]
[ 8.42371956 11.47029501  0.11764706]
[12.43073109  0.72817844 -0.07058824]
[ 1.24299318e+01  1.17587583e-05 -2.16470588e+00]
[-9.94858752 11.14598029 -1.81176471]
[-9.67807039 11.40053133 -1.81176471]
[12.35542408  3.96986341 -0.18823529]
[12.34419927  2.95186226 -2.02352941]
[12.32733109  4.92431142 -1.62352941]
[-9.54494296 12.37732514  0.16470588]
[12.27058915  3.74455167 -1.57647059]
[12.2790744   3.15552307 -0.42352941]
[12.24712362  6.30440194 -1.24705882]
[12.19821912  3.64518393  0.54117647]
[ 8.7213032   5.64534483 -1.67058824]
[12.02354816  4.37873707  0.58823529]
[-9.50395241 12.47106505  0.89411765]
[11.97341931  4.71980688  0.04705882]
[11.95318132 11.89829838 -2.16470588]
[11.95000906  4.68091558  0.56470588]
[-9.22495414 12.42964011  0.72941176]
[-10.30413256  10.97529352  -1.97647059]
[-9.07254016 12.32858789 -0.96470588]
[11.84626648  6.41999705 -2.09411765]
[11.82115651  6.70379755 -1.22352941]
[11.82968957  6.05516567 -0.63529412]
[11.82703476  1.48015683  0.89411765]
[11.77340129  5.65082219  0.02352941]
[11.7704695   3.92867991 -1.27058824]
[12.02970177  8.60411241 -2.11764706]
[10.00373791 10.9471821   0.47058824]
[ 9.94690367 10.63067407  0.02352941]
[ 9.91943681  7.91952157 -0.02352941]
[ 7.77365223 10.9059248   1.01176471]
[ 9.8229374  11.1544829  -0.98823529]
[ 9.82865471  9.4946848  -1.6       ]
[ 9.82434982  4.30169373 -1.97647059]
[12.48024167  0.57062019  0.49411765]
[ 7.82231592 10.90237256 -0.35294118]
[ 9.64505022  6.27794673 -1.71764706]
[ 9.6015388   9.56905591 -0.98823529]
[ 9.52912594  8.42617756 -0.77647059]
[ 9.50094081 11.50402745 -0.82352941]
[ 7.06958312 11.5767995  -0.44705882]
[9.39490259 9.27081552 0.14117647]
[ 8.15130652 10.34792688 -0.68235294]
[ 9.32913664  6.19942566 -1.76470588]
[ 9.22482291  9.20318179 -0.32941176]
[ 9.17053544  9.78040966 -1.55294118]
[ 9.10343814 11.69578778  0.8       ]
[ 9.02409888  6.69967146 -1.62352941]
[ 8.18004989  9.29491633 -1.64705882]
[8.98005349 9.44748064 0.65882353]
[ 8.98080137  6.52002779 -0.96470588]
[ 8.92354127  7.75154241 -0.58823529]
[ 8.85461741  9.90404195 -2.04705882]
[ 8.89422608  8.68051841 -2.02352941]
[ 8.87229476 11.77313826 -0.44705882]
[ 8.30474654 11.61955152 -0.89411765]
[-12.42024757  11.42695264  -2.07058824]
[10.97953239  7.99695084  0.70588235]
[10.96912753  7.24981489  0.25882353]
[10.95390939 10.02255043 -2.09411765]
[ 8.72636125  5.82534155 -2.09411765]
[ 7.2468394  11.91938837  0.49411765]
[10.90247079  5.65533202 -1.45882353]
[10.79442481  4.47711965 -0.72941176]
[10.77137039  6.4972471  -1.6       ]
[10.77814455  5.37249137 -0.77647059]
[10.74614266  8.57823424  0.49411765]
[10.75542492  6.77566522 -0.02352941]
[-12.02790686  12.3455772   -0.02352941]
[10.07123686  8.59926648 -1.97647059]
[10.60548393  5.55452119 -1.22352941]
[10.57616721  9.14673256 -0.32941176]
[10.57427215  6.003486    0.98823529]
[10.52756685  8.42956231 -0.89411765]
[10.5192849   1.15453576 -2.11764706]
[-12.42966227  12.02975912  -0.58823529]
[ 7.62944192 12.02908443  1.29411765]
[10.4225631   8.15206297  0.09411765]
[ 7.65454794 11.90324946 -0.23529412]
[10.39747914  8.72714826 -1.10588235]
[ 7.7049016  10.62216281 -2.04705882]
[10.2500979   8.12674696 -0.30588235]
[-12.25430458  11.25350315  -1.55294118]
[10.19495596  1.07847676 -2.04705882]
[10.60054651  8.77279958  0.18823529]
