[ 0.9855105   3.08088088 -1.12992583]
[ 3.25955977  2.71053702 -1.59350546]
[ 1.25196387  3.81021546 -0.61848739]
[ 1.24901001  3.20182563 -2.04705882]
[ 2.00232924  3.66345541 -1.71764706]
[11.99469201  8.93072565 -2.14117647]
[11.59588395  9.07641612 -2.11764706]
[11.18070197  9.55135254 -2.09411765]
[10.79834175  9.65068848 -2.11764706]
[10.36965022  7.27881975 -2.14117647]
[ 9.52636202  8.49791525 -2.16470588]
[12.27364171  8.74951544 -2.14117647]
[ 1.15263998 -2.62531602 -1.12941176]
[-0.29677995  3.75271291 -1.29411765]
[-0.35335811 -6.60242062 -1.43529412]
[-0.57412767 -4.21944642 -0.84705882]
[-2.04970951 -2.40212757 -1.03529412]
[-4.32123452 -4.50384588 -1.52941176]
[ 1.87659717  4.02150406 -1.22352941]
