[ 1.09195811  3.11237423 -1.13940683]
[11.76883676  9.49325212 -0.93791653]
[ 3.19800085  2.74791119 -1.67374302]
[12.24221979  5.08759154 -0.83453997]
[12.26154171  1.20031008 -0.81815126]
[12.32458164  9.02031086  0.62857143]
[12.29206048  7.30679143  0.82058824]
[12.07423365  4.13591012 -2.01680672]
[12.38879827  7.95477941 -0.0745098 ]
[12.12759089  4.7640927  -1.83137255]
[11.34881988  8.75622048  0.80392157]
[-8.91971253  8.36238114 -2.03764706]
[12.24399252  3.12420139 -1.96470588]
[12.47283774  9.69378654 -1.49019608]
[11.53409648  8.74940567  0.26666667]
[12.13836621  9.96803963 -1.63921569]
[12.14817116 11.18388815 -1.32941176]
[12.07716148  5.63610442 -1.98823529]
[12.28258357  2.53925609 -2.08235294]
[12.30209905  7.91151233  0.45882353]
[11.95950737  8.76752252  1.15294118]
[11.20357853  9.51523462  0.10588235]
[12.3961333   9.89156892  0.2       ]
[12.43578641  7.59900097  0.50588235]
[12.2353709  -2.5986135  -2.14117647]
[12.14709619 10.65390766 -1.78823529]
[12.45021993 11.9301711  -1.95294118]
[12.43022094  8.69987245  0.09411765]
[12.17501084 10.42101647 -1.05882353]
[12.17039252 10.75584212 -1.05882353]
[12.42362449  6.55165801 -1.81176471]
[12.42811201  3.50529312 -2.11764706]
[12.22601994  1.62184083 -1.34117647]
[12.24673869 -3.17843892 -2.        ]
[12.34722833 10.49478568 -1.50588235]
[ 2.00298223  3.77434877 -1.85882353]
[12.29769038  8.21946721  1.05882353]
[12.32028012  3.52013261 -1.78823529]
[12.32877535  2.75020655 -1.76470588]
[12.22982153 -2.20275013 -2.14117647]
[11.44507392 12.09994101 -0.70588235]
[11.56908245  6.10517991 -2.07058824]
[11.62576061  8.64679161 -2.09411765]
[11.69796738 -1.12588005 -2.07058824]
[11.69556554  8.55517269  0.        ]
[11.77666653 -2.15586164 -2.09411765]
[11.77782377 11.20267309 -1.62352941]
[11.85199484  3.61915869 -2.09411765]
[11.35392111  7.52903336 -1.81176471]
[12.10152559  0.42868171 -1.17647059]
[11.09685036  9.52191807  0.89411765]
[11.92845458  9.40506329  0.89411765]
[11.95441416  9.97046835 -1.97647059]
[11.98026367 -1.02631195 -2.04705882]
[11.00438708 10.84541641  0.02352941]
[12.47628661 10.05247105  0.84705882]
[10.72603209  9.41998178 -2.04705882]
[12.04675451  7.32419295  0.21176471]
[ 2.47545282  3.02958916 -1.83529412]
[12.1453907   1.77841459 -1.92941176]
[11.87229523  5.92275185 -2.09411765]
