[ 1.33879804  3.08460995 -1.15550901]
[11.39840193  7.38993696 -2.07300151]
[11.89027014 11.39385379 -2.02082488]
[11.78030382 -6.76675635 -2.07167421]
[10.87472713  4.3822752  -2.07693744]
[11.31150238 -1.88867569 -2.06013072]
[ 9.95030485 -2.3589971  -2.07626775]
[10.46311737 -5.5226188  -2.06445013]
[11.68984959  1.2634435  -2.08421053]
[10.97362005 -3.84194731 -2.09852941]
[ 9.43506681  7.75037746 -2.06877828]
[11.89931761 -0.02451835 -2.09215686]
[ 9.35193269  4.41685078 -2.05294118]
[ 9.82591742 -6.62798714 -2.10196078]
[ 8.80008437 -2.88148269 -2.10756303]
[ 8.91404947 11.97353785 -2.11294118]
[ 9.81063916  3.47530358 -2.08941176]
[10.04483707  3.11729833 -2.06470588]
[ 9.32278877 11.33063041 -2.10588235]
[ 9.19439788 -8.07010214 -2.05294118]
[12.33789008  9.85179795 -2.05294118]
[10.29759053  0.85771647 -2.05490196]
[ 9.01504549 -5.50843494 -2.07843137]
[ 9.88189759 -7.19155328 -2.11764706]
[ 9.38309841  1.07062065 -2.09411765]
[10.25862118  1.49652057 -2.05882353]
[10.18536147 -0.77377586 -2.11764706]
[ 7.7863527  -3.10248067 -2.12941176]
[ 8.07106608  4.87265464 -2.09411765]
[ 10.64817425 -10.51147102  -2.11764706]
[10.8640751  -8.80251582 -2.11764706]
[ 8.29908699 -7.16095873 -2.05882353]
[ 8.33699346  4.20963348 -2.09411765]
[10.99875259 -4.56470504 -2.08235294]
[ 11.02260191 -10.18486787  -2.12941176]
[11.08762499 -9.4773483  -2.09411765]
[ 8.44260445  6.3158615  -2.10588235]
[ 7.28609332  6.46766975 -2.16470588]
[ 8.6604056  -8.99790629 -2.15294118]
[ 9.05003456 -1.87827435 -2.11764706]
[ 8.82325701  6.03454633 -2.07058824]
[11.84566526 -0.60113717 -2.08235294]
[ 9.58552465 -4.46446233 -2.07058824]
[10.35491962  1.87605222 -2.11764706]
[ 7.57062341  4.12572414 -2.16470588]
[ 7.3516259   6.0973756  -2.11764706]
[11.12147049 -9.15121242 -2.07058824]
[ 1.83073087  4.13036315 -1.36470588]
[ 1.15044189  3.07117389 -2.04705882]
[10.544663   -0.2521654  -2.07058824]
[10.36918635  2.27727766 -2.07058824]
[ 8.65432579 -3.57965466 -2.14117647]
[ 8.57143879  3.5515204  -2.14117647]
[ 8.92235249 11.5447361  -2.16470588]
[ 8.94541643 -8.55474427 -2.09411765]
[ 8.52289386 -0.77825531 -2.09411765]
[ 9.14818163  5.6267703  -2.11764706]
[ 8.40387409  6.9730275  -2.11764706]
[12.4520218  -4.52882689 -2.09411765]
[ 9.40321556 -4.77935733 -2.09411765]
[ 9.52166054  2.12270918 -2.14117647]
[ 8.40079232  0.37923397 -2.16470588]
[  9.75072905 -11.15360952  -2.14117647]
[ 8.20557773 -6.68063014 -2.09411765]
[ 7.82174677  3.35138763 -2.11764706]
[ 7.822183   -5.52128132 -2.14117647]
[ 10.33042613 -11.24676262  -2.16470588]
[ 9.36933852 -0.67183651 -2.09411765]
