[ 1.22249049  3.08104181 -1.11719842]
[11.99655284  9.15931932 -1.0255899 ]
[12.3018829   4.89342695 -0.54647059]
[12.2942123   1.24246526 -0.76333789]
[12.1927236   4.42113767 -1.97843137]
[11.88613984 12.04168371 -0.27973856]
[12.10149178 -1.0009609  -2.07731092]
[11.97300785 11.26451752  0.61176471]
[-8.79887903  8.34684336 -2.04313725]
[12.33425069  3.00975916 -2.13647059]
[11.55817503  7.07242647 -2.08823529]
[12.22631411  2.66398692 -1.85882353]
[12.38011573 11.25955198  0.48235294]
[11.20131345 10.10663439 -0.8       ]
[11.3307044  11.37472036  0.3372549 ]
[12.04403038 10.39702491  0.31372549]
[12.35186864 10.46172832 -1.87058824]
[12.16203134  3.34878787 -2.08235294]
[12.40980998 12.41431075  0.07058824]
[12.01169857 -2.82244122 -2.11764706]
[ 1.88559513  4.15023846 -1.23529412]
[ 1.97275323  4.28785161 -1.63529412]
[11.42260282  8.72501788 -2.05882353]
[12.31146019  1.67589231 -1.92941176]
[12.42652128 -1.7528111  -2.16470588]
[12.39776511  6.07222959 -2.09411765]
[12.35370025 -2.87616734 -2.14117647]
[12.32482195 11.99848844 -2.07058824]
[12.32831558  5.74940376 -1.85882353]
[12.29426794 11.80191763 -0.65882353]
[12.42898999 10.04829254  0.30588235]
[12.2691832  10.5809144   0.70588235]
[12.45136505  5.4521661  -1.10588235]
[12.46979735  5.92218997 -1.29411765]
[12.48005729  8.54772279  0.84705882]
[12.24989883 -0.04618705 -2.11764706]
[11.04988459 10.41909588 -2.14117647]
[10.9721213   6.87508154 -2.07058824]
[11.14411573  9.5785554  -1.78823529]
[ 2.90554223  3.78016041 -1.95294118]
[11.78082555 11.2940373  -2.11764706]
[11.92267827  8.4211073  -0.28235294]
[11.92507143 10.82178307  0.42352941]
[12.46963761  9.27306193 -0.25882353]
[11.95109773 11.82208477 -1.92941176]
[11.97177554 -2.10483241 -2.07058824]
[ 0.57648979  3.6514402  -1.76470588]
[-2.67475243  1.02665527 -1.17647059]
[12.00348255 10.44993505  0.61176471]
[12.47649834 11.2058844  -0.91764706]
[12.17431817  6.39536694 -2.16470588]
[12.19435017 -3.24870445 -2.16470588]
[11.95564687 10.09625341  0.42352941]
