[ 0.93425403  3.14864134 -1.04682422]
[ 3.17515245  2.68140044 -1.63894982]
[11.71165779  7.32818474 -2.08148148]
[-1.5020786  -6.37192509 -1.64470588]
[11.61252627  1.91200363 -2.08117647]
[12.00656906 11.98388984 -2.08581315]
[12.17456873 -1.33986922 -2.10053476]
[10.80109659  9.57386133 -2.11503268]
[11.99509942  0.5882825  -2.11503268]
[10.3591416   2.13578686 -2.07731092]
[12.14477824 -0.20671173 -2.13333333]
[11.38163659  3.08258027 -2.09803922]
[11.87610559 -9.56883981 -2.10352941]
[11.25176954  3.75160997 -2.08470588]
[11.12495129  4.38340999 -2.1       ]
[-0.95032485  2.86719493 -1.95294118]
[11.52495096 -5.30124004 -2.10980392]
[ 9.73382176  4.18159438 -2.07058824]
[11.79478792 -2.82089061 -2.16470588]
[10.45997802 -2.42647454 -2.07058824]
[10.11805396 11.04534635 -2.1254902 ]
[ 9.99305098  3.05886363 -2.10196078]
[ 9.99523508  7.39864174 -2.09411765]
[ 3.0241987   2.70927471 -0.66666667]
[ 3.71046852  2.80002507 -0.94901961]
[ 5.54261382  3.17586059 -0.88627451]
[10.46674114 -0.20022112 -2.13333333]
[10.57565529  0.38557021 -2.11764706]
[10.74986819 -0.95390278 -2.10588235]
[ 9.04710971 12.07117465 -2.11764706]
[10.82231058 -6.11398054 -2.14117647]
[10.87197798  5.55147103 -2.10588235]
[ 5.65189025  2.6031258  -0.92941176]
[10.31409453  1.36339548 -2.10588235]
[10.08533512  6.61697352 -2.08235294]
[ 9.22307596  2.08621895 -2.11764706]
[11.01414978  4.91328512 -2.09411765]
[12.13085454 -9.03837177 -2.14117647]
[ 8.83756671  3.37433842 -2.08235294]
[ 8.22715853 -4.97918946 -2.16470588]
[ 8.37699575  2.57872179 -2.07058824]
[ 11.35572028 -10.97431927  -2.16470588]
[ 8.42432392  4.39972907 -2.18823529]
[11.51936039 -4.252318   -2.09411765]
[ 7.32369138  6.34539539 -2.14117647]
[ 8.61918072 -0.17995723 -2.18823529]
[ 6.62405126  2.62712591 -2.16470588]
[11.72506465 11.77631792 -2.09411765]
[11.74421896 -3.54741594 -2.07058824]
[11.82702793 -0.47165012 -2.07058824]
[12.02960303 -3.27758794 -2.16470588]
[12.22218167 -8.47082906 -2.07058824]
[11.64517653 -2.25224308 -2.14117647]
[ 9.47972335  5.44786964 -2.07058824]
[ 9.61980799  5.14732889 -2.07058824]
[ 9.62690501 11.57603162 -2.16470588]
[  9.80274891 -10.44859284  -2.04705882]
[ 9.45306844 11.85171855 -2.09411765]
[ 9.40330851  1.08006052 -2.09411765]
[10.02253398  3.5468039  -2.02352941]
[10.17225663 10.40583192 -2.18823529]
[ 10.2204505  -11.97107662  -2.16470588]
[10.95359712 -6.60384985 -2.11764706]
[12.42615243  5.03002413 -2.07058824]
[10.35309617 10.64462803 -2.07058824]
[10.52434177 -3.82531156 -2.16470588]
[10.53042323  0.87404874 -2.09411765]
[ 8.93009821  6.0975146  -2.14117647]
[10.69656734  1.19491732 -2.16470588]
[10.99805614  2.97526677 -2.18823529]
[ 8.62858113  6.3803747  -2.16470588]
[11.15082911 -6.17264075 -2.07058824]
[ 9.0235681   3.03067233 -2.11764706]
