[ 1.11767388  3.08857432 -1.1689481 ]
[-1.24314305 -6.35186753 -1.60637255]
[12.04726977  7.11301239 -2.09639469]
[11.63306619  3.32183225 -2.10980392]
[10.51367261  6.32499028 -2.08366013]
[11.85916946 12.24182006 -2.11764706]
[11.53597235  8.47211684 -2.07843137]
[11.5515956   2.33154938 -2.10196078]
[12.3820082   0.20041534 -2.11764706]
[ 5.74121734  2.61184835 -0.80941176]
[-0.9623393   2.90724906 -2.01176471]
[11.42617379  4.05674936 -2.08823529]
[10.97621758  9.57537324 -2.09411765]
[10.06556654  3.97424029 -2.08823529]
[12.24295974  1.25767    -2.08627451]
[12.12171956 -3.39190875 -2.14117647]
[ 3.00140804  2.72600075 -0.54901961]
[ 9.34138268  1.75146594 -2.10196078]
[12.40133042 11.78440088 -2.05490196]
[10.76111133 -0.18654646 -2.09411765]
[10.65036878  9.96124318 -2.12941176]
[10.59814288  1.52491138 -2.14117647]
[10.1750898  10.9113733  -2.16470588]
[10.16081572  7.25406837 -2.11764706]
[ 9.51597729  8.36351152 -2.14117647]
[12.313589   -2.78874787 -2.08235294]
[11.1373174   8.95190248 -2.11764706]
[ 9.59953039  4.6753135  -2.11764706]
[ 5.46110342  3.16994473 -0.78823529]
[11.42932656  5.52537588 -2.14117647]
[ 9.02805647  6.12107187 -2.16470588]
[ 8.42889802  4.39430836 -2.18823529]
[11.47776902  5.20327864 -2.16470588]
[ 3.67372326  3.29940146 -1.81176471]
[11.95433651  1.90549485 -2.09411765]
[ 2.02925735  3.77450862 -1.69411765]
[ 1.85089791  4.1299025  -1.27058824]
[-0.10572369  3.6196478  -2.        ]
[12.48035416 -1.17463552 -2.11764706]
[ 8.82916474 11.91942173 -2.07058824]
[11.24832846  4.39771849 -2.11764706]
[11.17358342  4.70059938 -2.11764706]
[11.02300321 -0.67334867 -2.16470588]
[10.85050478  0.73096183 -2.14117647]
[10.85037368 -1.04761744 -2.14117647]
[10.64472889  0.25013308 -2.09411765]
[10.64596271 -2.40448247 -2.07058824]
[10.44534556  2.82342593 -2.11764706]
[10.24634531  3.47918105 -2.09411765]
[ 9.24536221  5.82721812 -2.09411765]
[ 9.90082513  7.92276599 -2.07058824]
[ 9.77006372 -0.82986292 -2.16470588]
[ 9.64647712  4.245425   -2.11764706]
[ 9.52929147 11.65164291 -2.16470588]
[11.00293626  1.25330017 -2.16470588]
