[ 0.75320702  3.07527556 -1.10915033]
[ 3.10684537  3.46147278 -1.3037781 ]
[ 3.20566798  2.73589646 -1.65689598]
[ 1.99327877  3.79962773 -1.72352941]
[-0.9507653   2.89299498 -1.96862745]
[11.69676957 -9.52273007 -2.11764706]
[ 1.82689904  4.11110871 -1.09411765]
[12.36288569 -3.12499495 -2.14117647]
[10.64857247 -2.45093572 -2.10588235]
[12.33867713  0.12713599 -2.10588235]
[12.1992625  -2.70016157 -2.16470588]
[12.48098065  0.57135969 -2.04705882]
[12.35131768  2.80286495 -1.97647059]
[12.34647208 -1.10099592 -2.07058824]
[12.17022399  2.55010843 -2.11764706]
[12.045721   -9.07645198 -2.16470588]
[11.83046047 -4.45466183 -2.09411765]
[11.22334963  0.75248622 -2.16470588]
[10.94836089 -0.02606606 -2.14117647]
[ 3.55556426  3.65354234 -1.97647059]
[ 2.39782364  3.47232248 -2.11764706]
[ 1.12544959  3.12026526 -2.09411765]
[-0.39655615  2.19619413 -1.88235294]
[12.42868038 -1.8714765  -2.07058824]
