[ 0.71833118  3.09805922 -1.11421699]
[ 3.10579808  3.46193814 -1.30642382]
[ 3.13823418  2.74274756 -1.64505959]
[-4.35431549 -4.58184786 -1.70392157]
[-7.31473895 -9.65681873 -1.98319328]
[11.79586568  9.00861129 -2.14901961]
[11.37463738 10.07469951 -2.10588235]
[10.97765502 10.30013152 -2.12941176]
[ 9.66364364 11.90365121 -2.16470588]
[10.77799315 10.87687782 -2.15294118]
[12.47383386 12.2976649  -2.09411765]
[11.32576536  9.15461131 -2.11764706]
[ 2.02873094  3.82553714 -1.76470588]
[11.45314716  9.4265224  -2.09411765]
[ 1.19717957  2.88067673 -2.02352941]
[11.99818328  4.35083529 -2.07058824]
[12.20524964  8.23082122 -2.11764706]
