[ 0.78013547  3.05587145 -1.0919915 ]
[ 3.09584815  3.36984797 -1.24593838]
[ 3.19484708  2.68258094 -1.60936819]
[10.96627034 -1.12773874 -2.05541953]
[11.52480036 -5.48492117 -2.03238925]
[ 9.61603526 -2.59412452 -2.0640724 ]
[12.14913308  6.43830078 -2.07511312]
[ 12.15107445 -11.42614926  -2.05960784]
[ 9.31457319 -7.05914079 -2.07607843]
[10.15949319  1.14321069 -2.07930283]
[ 8.82641893 -1.98742695 -2.08      ]
[ 10.00879459 -10.193053    -2.09411765]
[10.69497316  4.89711117 -2.11122995]
[ 5.93501939 -1.17682831 -0.91336898]
[ 9.34636498  4.45714947 -2.10352941]
[10.78004897  9.54611727 -2.10196078]
[12.36064944 -9.13485573 -1.99477124]
[ 9.15427957 -0.08986945 -2.07058824]
[ 9.87176522  3.24925903 -2.0627451 ]
[10.73037175  5.52160139 -2.07058824]
[12.33120702  3.35900991 -2.00588235]
[10.09225235  7.20450261 -2.12352941]
[ 9.92159141 11.37497746 -2.15294118]
[ 8.47417141 -5.74246945 -2.14117647]
[ 9.05007633  1.91362374 -2.08823529]
[ 8.34302682 -3.68557091 -2.02352941]
[ 9.27506395  1.3588772  -2.07058824]
[ 8.90132777  6.18676156 -2.1254902 ]
[ 9.14605568  5.55795207 -2.1254902 ]
[ 9.7168066   7.84216462 -2.05490196]
[10.47478437  6.50701635 -2.13333333]
[12.42647749 12.36708713 -2.10980392]
[  9.4769177  -11.34493633  -2.09411765]
[ 9.85464776  0.1708248  -2.11764706]
[10.47893952  6.04910757 -2.12941176]
[11.30143774  9.00875729 -2.12941176]
[12.35179942 11.74277951 -2.10588235]
[ 7.99800473 -7.341768   -2.10588235]
[ 8.03735049 -6.45882449 -2.14117647]
[ 8.0778609  -6.79641183 -2.04705882]
[ 7.52449516  1.65236809 -2.08235294]
[ 7.54865049 -7.54871356 -2.10588235]
[ 7.78628048 -2.8256024  -2.08235294]
[ 5.12353677 -7.37392033 -2.07058824]
[ 7.77965012  5.14606511 -2.16470588]
[10.27048326 10.9446742  -2.16470588]
[10.35464564 10.54454094 -2.09411765]
[ 7.82176344  0.01916495 -2.04705882]
[ 7.55189615  2.12595548 -2.04705882]
[ 7.52108698  4.94465342 -2.11764706]
[  7.19879603 -10.47496686  -2.16470588]
[ 3.37759912  3.594275   -2.04705882]
[ 1.90117557  4.09505142 -1.2       ]
[ 7.17806723  4.67771488 -2.16470588]
[ 6.95389279 -3.62550112 -2.11764706]
[ 6.55275029 -6.15029542 -2.14117647]
[ 7.61918153  0.85121851 -2.16470588]
[ 8.40376311 -9.1786752  -2.07058824]
[  8.40433707 -12.37418464  -2.09411765]
[ 8.75518186 -3.04964139 -2.09411765]
[ 8.76915403  2.97705159 -2.07058824]
[ 8.777587    3.44476031 -2.09411765]
[  8.80408342 -12.20316344  -2.16470588]
[ 8.37274087 -6.35223087 -2.09411765]
[ 8.3224259  -0.22605373 -2.16470588]
[ 5.61946018 -2.7987853  -2.02352941]
[ 8.30231518 -1.0509004  -2.09411765]
[ 8.27842724 -9.75408166 -2.09411765]
[ 8.20049358 -0.57938652 -2.07058824]
[ 8.17432182  2.00207579 -2.09411765]
[  9.19950242 -10.90476391  -2.16470588]
[  9.42340124 -11.75476419  -2.11764706]
[ 7.99465614 -4.67856917 -2.09411765]
[ 7.85465434 -5.2215042  -2.11764706]
[ 5.65160116 -2.17170793 -0.98823529]
