[ 0.68975754  3.06244748 -1.09116068]
[ 3.09249777  3.44810462 -1.25794001]
[ 3.18498861  2.73943687 -1.6684377 ]
[11.79958331  9.15995718 -2.11764706]
[-5.15034364 -3.41130716 -1.62352941]
[ 1.12420483  2.83649236 -1.88235294]
[ 1.84664807  4.11480098 -1.11764706]
[11.48598832 10.22886714 -2.12941176]
[12.26371983  2.86594981 -2.14117647]
[ 0.17199798 -6.54444749 -1.29411765]
[ 2.02525888  3.50394681 -1.81176471]
[ 2.34776767  3.40014835 -2.07058824]
[ 3.39825191  3.60384638 -2.02352941]
[12.25311449  8.83074696 -2.14117647]
[12.41981424 12.39874723 -2.07058824]
