[ 1.00190005  3.13827664 -1.1289738 ]
[ 3.13922311  2.76314023 -1.64691535]
[11.46534941  8.16212658 -2.10457516]
[11.90972979 11.6279765  -2.03730273]
[ 9.46496541 -5.74367539 -1.7036566 ]
[ 9.79151562 10.77579243 -2.11764706]
[12.17946345  2.66046492 -2.11764706]
[10.43035149  6.71811936 -2.08627451]
[-12.49258176  -7.50109261  -1.88235294]
[ 3.34110572  3.53635542 -1.98823529]
[11.32313777  4.2507037  -2.12941176]
[ 2.00900998  3.50288564 -1.82352941]
[10.98464257  5.64990359 -2.14117647]
[10.99665414  7.54455818 -2.02352941]
[11.6190607   3.82792291 -2.09411765]
[11.39774604  4.9038208  -2.16470588]
[-4.60515557 -3.0199608  -0.82352941]
[10.79677141  6.04930854 -2.16470588]
[10.69878492  6.52413349 -2.07058824]
[-0.10318076  4.44732564 -2.04705882]
[10.1959742   3.92365223 -2.        ]
[ 0.02729576  3.57150406 -1.88235294]
[ 9.9727766   4.40277355 -2.14117647]
[ 1.19449275  3.23058394 -2.        ]
[ 9.42698007  5.95121856 -2.18823529]
[ 9.32084816  8.55243832 -2.11764706]
[ 9.22799967 11.27289738 -2.09411765]
[ 9.02852767 11.72023687 -2.16470588]
[ 9.02045933  6.42207984 -2.18823529]
[ 8.60195295 12.02950724 -2.16470588]
[ 4.07404149  2.8256553  -0.94117647]
[12.00434048  3.54924235 -2.07058824]
