[ 0.71177192  3.06075867 -0.99106539]
[ 3.08935737  3.40576177 -1.25174477]
[ 3.17010023  2.73061841 -1.67512403]
[ 1.94235208  4.13436862 -1.50117647]
[12.39327067 12.40942218 -2.09411765]
[ 2.01184965  3.75006053 -1.64705882]
[ 8.81242723 11.83718254 -2.09411765]
[-0.27767893  3.95344555 -2.16470588]
[ 2.40103176  3.3989772  -1.97647059]
[ 3.41904246  3.60007451 -2.02352941]
[ 4.14498444  5.89407542 -0.42352941]
[ 9.04604081 11.45018584 -2.11764706]
[ 9.94878284 11.12322423 -2.        ]
[11.52012126 10.02533708 -2.14117647]
[11.84760578  9.74968082 -2.14117647]
