[ 1.18805306  3.07260581 -1.15388886]
[11.73070431 11.75046938 -2.04349376]
[10.99206187  9.09466449 -2.10252101]
[12.05527544  0.53939239 -2.10053476]
[ 1.96224664  4.19169662 -1.32235294]
[12.08787454 -1.78376611 -2.09411765]
[12.20671845  7.23693367 -2.11176471]
[12.39707953  6.71241095 -2.07647059]
[11.9079297   2.00873294 -2.08627451]
[12.04402906  8.31693625 -2.13333333]
[ 9.03012391  2.53248601 -2.10980392]
[12.30198795  7.69269146 -2.09411765]
[ 9.56848666  8.3412361  -2.15686275]
[11.82759109 -2.60279067 -2.12941176]
[10.75125385  1.6269118  -2.10588235]
[12.0617672  -4.15045497 -2.12941176]
[11.97411239 -0.72451622 -2.14117647]
[10.04911241  7.12486489 -2.15294118]
[10.18564994  2.44585634 -2.12941176]
[12.2477585  -0.40338761 -2.08235294]
[10.57370768  6.38587179 -2.04705882]
[11.73652587  2.7362807  -2.10588235]
[10.60189295  0.37268295 -2.08235294]
[11.6205801  -6.24701358 -2.16470588]
[12.16949613 -3.07469689 -2.11764706]
[12.17582767 -1.32123442 -2.11764706]
[12.17650908  1.54924289 -2.09411765]
[12.22245608  3.37381696 -2.16470588]
[12.37808549 -0.14648989 -2.16470588]
[11.67019561  4.52185928 -2.07058824]
[-1.89693578  6.87987949 -0.47058824]
[-0.91978452  2.95508595 -1.97647059]
[ 1.1761557   2.90226363 -1.95294118]
[ 8.69713092 11.52734952 -2.11764706]
[ 8.97146241 11.37414963 -2.16470588]
[ 9.22066617  1.89968082 -2.09411765]
[ 9.21961774  2.27933864 -2.09411765]
[ 9.34652816  6.19464783 -2.11764706]
[10.77307878 -1.37882657 -2.16470588]
[ 9.62556633 -0.34514262 -2.04705882]
[10.32884775  7.52513042 -2.09411765]
[10.52485766 -2.72985196 -2.14117647]
[10.54711433 -0.17794947 -2.09411765]
[10.62651622  1.20547552 -2.18823529]
[11.02965477  6.04932001 -2.07058824]
[11.21957612 -0.7995682  -2.11764706]
[11.32168076  5.65459771 -2.09411765]
[11.58098798 -0.85279204 -2.07058824]
[ 9.44535663  0.54584269 -2.14117647]
