[-7.92555365  6.24966533 -0.83756183]
[ 0.76536814  3.04442614 -1.13823993]
[ 3.15371255  3.07187793 -1.44387193]
[-9.8466233   8.42924439 -0.70235294]
[-9.24764247  8.35980336 -1.09019608]
[-7.44762313 10.38890968 -0.96042781]
[-5.99329028 12.07822063 -1.6171123 ]
[-10.33983492   7.73259117  -0.68235294]
[-10.24134877   6.90954846  -0.55798319]
[-9.06658576  7.74520367 -0.47731092]
[-9.45922586  9.01816925 -0.86666667]
[-10.64437981   4.84122968  -1.68      ]
[-8.00113978  9.32586477 -0.91764706]
[-4.48967013  9.28901003  0.11764706]
[-12.312768     4.50254444  -0.63529412]
[-8.7399824   6.17524647 -1.58235294]
[-8.99954902  5.11128886  0.6       ]
[-10.36399773   6.10319724  -1.75294118]
[-5.52488967 10.47738365 -1.51764706]
[-9.60187796  5.07125568 -1.15294118]
[-7.54769949 10.41609429 -0.38823529]
[-10.31539473   6.46754028  -0.03137255]
[-12.26634372   2.49200293  -1.9372549 ]
[-7.49911487  9.93940919 -0.62745098]
[-8.65056756  8.74247607 -0.58823529]
[-6.55019848 11.36327001 -0.88627451]
[-8.13249922 11.06063486 -0.28235294]
[-8.9504085   7.51016401 -1.95294118]
[-10.34501373   3.69198803  -0.89411765]
[-8.25057025  9.82821994 -0.56470588]
[-8.20456766 11.43488901 -0.87058824]
[-7.4463797   9.80477953 -0.25882353]
[-7.16350011  7.49992457 -0.49411765]
[-9.52619971  6.66480912 -0.25882353]
[-8.09684261 10.45392698 -0.78823529]
[-9.37447537  6.18509175 -0.89411765]
[-7.79913087  7.90441899 -0.28235294]
[-7.83893037  8.53987456  0.15294118]
[-9.27390764  7.56471304 -0.18823529]
[-9.03783555 12.04868911 -0.10588235]
[-9.02346412  7.22477568 -1.18823529]
[-8.11412321  8.02631309 -1.31764706]
[-9.80063324  6.3006491  -1.70588235]
[-11.13310807   5.70236465   0.01176471]
[-10.38454935   4.18790324  -1.43529412]
[-5.27756374 10.20276621 -1.72941176]
[-10.15066616   4.27370894  -1.01176471]
[-10.07802003   5.16454827  -0.50588235]
[-6.28007506 10.66040093 -0.95294118]
[-6.34684341  8.20452756 -0.69411765]
[-9.90924611 11.69895839 -1.82352941]
[-4.78930714 10.91149292 -1.51764706]
[-10.49971475   5.83804276   0.        ]
[-10.71476637   5.0984314   -1.52941176]
[ 2.02684006  4.12638316 -1.54117647]
[-12.47630539   4.31130009  -0.18823529]
[-8.33538748  8.0654366   0.02352941]
[-9.8006787   3.93439832 -2.03529412]
[-5.67506773 11.62074744 -2.        ]
[-7.9029378  12.20242766 -1.01176471]
[-8.00192438  9.97076906 -0.96470588]
[-8.09726322 10.8721251  -1.05882353]
[-7.84957806  7.87281175 -0.77647059]
[-5.37953006 10.04904034 -1.38823529]
[-5.15308093 11.25288762 -1.55294118]
[-5.07937218 12.22557952 -1.41176471]
[-4.98014012  8.79452817 -0.94117647]
[-8.17214439  8.52384138 -0.84705882]
[-3.92575806 10.24947896 -1.85882353]
[-3.79466604  9.07620066 -0.89411765]
[-8.27307855  6.72796261 -2.        ]
[-7.87436883  8.646937   -1.17647059]
[-6.70485913 12.25418065 -1.29411765]
[-6.65433254 11.00390758 -1.08235294]
[-6.8513206   8.79758896 -0.54117647]
[-7.09991653 12.14523466 -2.04705882]
[-7.22881101  7.95282887 -1.83529412]
[-6.54876852 11.12201684 -1.78823529]
[-7.40577294 11.50383695 -0.96470588]
[-7.47862606  8.91937691 -1.29411765]
[-6.47312039 11.64717904 -1.15294118]
[ 3.54904856  3.12752522 -1.81176471]
[-7.70252181 10.91931065 -1.67058824]
[-6.29572084 12.27396035 -0.91764706]
[-7.70039934  8.04454047 -1.78823529]
[-7.74510084 10.50076063 -1.01176471]
[-7.77374725 10.99866578 -1.03529412]
[-7.77744762  9.87325334 -0.14117647]
[-7.79665585 10.89676697 -0.42352941]
[-6.24732585 12.13082866 -1.22352941]
[-6.15458692 11.64608844 -0.94117647]
[-7.54587919 10.09737708  0.02352941]
[-9.82775062  7.50109114 -0.75294118]
[-9.8457819   9.95417403 -1.62352941]
[-9.85538217  5.62038699 -0.63529412]
[-9.85178865  5.22926227 -0.82352941]
[-9.87471564  7.00295317 -2.04705882]
[-9.92724575 11.12643158 -0.98823529]
[-10.04449872  11.9048344   -0.23529412]
[-10.10041986   8.15282439  -1.17647059]
[-10.15543515   5.55065127  -0.94117647]
[-10.37694598   4.94465171  -0.8       ]
[-10.52805094   5.42856641  -1.71764706]
[-10.61974283   7.2483099   -1.03529412]
[-10.92992893   2.87728711   0.4       ]
[ 3.29687055  3.14641834 -1.97647059]
[-11.12224391   2.85406576  -0.42352941]
[-11.24986422   5.64708191  -0.75294118]
[-11.26983878   5.07876303  -2.        ]
[-11.39918183   3.64686698   0.72941176]
[-11.74401268   3.62346838  -0.89411765]
[-11.77554786   4.92361162  -0.30588235]
[-12.03007345   4.32181682   0.16470588]
[-12.1292962    4.85178593  -0.14117647]
[-12.22788671   2.52902372  -1.27058824]
[-12.34930081   3.85058759  -0.18823529]
[-12.37722719   4.6695964   -0.11764706]
[-12.40000954   4.35192285   0.32941176]
[-12.47692884   1.32868712  -1.6       ]
[-12.49923744   3.94611848  -0.65882353]
[-10.95216538   5.65430936  -1.34117647]
[-8.35487182  4.1754229  -1.90588235]
[-8.49656532 11.15118267 -0.8       ]
[-8.57849125  7.6052444  -1.69411765]
[-8.59672617 10.27276843 -0.47058824]
[-8.60079843  7.57954922 -1.08235294]
[-8.77215981  9.12005089 -0.09411765]
[-8.90108851  7.97645007 -0.82352941]
[-9.00429898  5.97559469 -2.02352941]
[-9.1268701   7.22458028 -0.82352941]
[-9.1748252   5.39530077 -1.90588235]
[-9.17553809  4.70164022 -0.09411765]
[-9.32175902 11.55076325  0.16470588]
[-9.34941826  7.85200342 -1.83529412]
[-9.37583052 11.17841398 -1.76470588]
[-9.7993846   4.65042984 -2.        ]
[-9.42394901  6.37949643 -1.6       ]
[-9.42219366  5.54981902 -1.55294118]
[-9.42671296  5.12399304 -0.61176471]
[-9.4494049   6.09984527 -1.45882353]
[-9.47459911  6.66984795 -1.52941176]
[-9.63085653  7.22064539 -1.05882353]
[-9.61962705  5.50546497 -0.42352941]
[-9.6750377   8.89696168 -1.24705882]
[-9.67751996  5.60048723 -1.78823529]
[-9.69813708  6.32899952 -0.91764706]
[-9.72648864  4.19690347 -1.22352941]
[-9.74630338  7.82374742 -0.96470588]
[-9.77783511  9.45447639 -0.70588235]
[-9.77678987  6.94446871 -1.64705882]
[-9.37299878  7.5979508  -0.70588235]
