[ 9.39954254  6.92679499 -0.44674319]
[ 1.13007017  3.12336574 -1.10948881]
[-10.74782683  11.19771424  -0.74508033]
[-8.41674261 12.19652575 -1.55294118]
[-12.03167055  11.42591891   0.45529412]
[-10.77357904  11.56171139   0.43800905]
[ 9.06484024  9.12300391 -1.55721925]
[ 8.6692611   9.6130468  -1.88235294]
[-12.24713775  12.07405494   0.10117647]
[-9.24793728 12.40070344 -1.69647059]
[-10.16775251  10.85773475  -2.11529412]
[-11.30313776  12.32267676  -1.01647059]
[9.03427816 9.50494035 0.56176471]
[ 8.42847071  6.82824622 -1.98235294]
[-10.34702489  12.117983    -1.54621849]
[11.35276395  6.87094842 -1.57310924]
[-11.39536448  12.2485487    0.72156863]
[-10.99988944  12.22766634  -1.32941176]
[10.78459405  8.8618315  -1.44      ]
[ 8.08877831 11.32843019 -1.06823529]
[ 8.10003218 11.16217546 -1.54823529]
[-8.05473194 12.13120006  0.12235294]
[-8.07834329 12.21413824 -0.33411765]
[12.36827075  3.09929424 -1.95764706]
[ 9.27666724  6.49448812 -1.94352941]
[11.00180614  7.32932663 -1.42117647]
[ 1.90633812  4.14533021 -1.24117647]
[11.28873474  6.83319883  0.43529412]
[-8.56106484 12.29344389  0.71764706]
[-12.34726253  10.52364594  -2.01764706]
[-10.64338736  12.2356639    0.08235294]
[-12.09792647  11.96886021  -0.51764706]
[ 8.50729207  9.22904123 -1.22352941]
[-7.38421815 12.23276716 -2.11764706]
[-9.26112834 11.82568323 -1.77254902]
[ 8.26901819  9.42975686 -1.71764706]
[-10.16193818  12.03666984   0.89411765]
[-11.70927626  12.20958333  -0.84705882]
[ 8.64213524 12.20232168  0.18823529]
[ 8.7676488   8.65790207 -1.76470588]
[12.24289951  4.9152007   0.18823529]
[9.85972704 8.8517811  0.85490196]
[-11.28298375  12.29593997  -0.24313725]
[11.75311187  5.05059176  0.3372549 ]
[10.8515164   8.31399085  0.58823529]
[ 7.6087349  12.41464092  0.69411765]
[ 7.70400479  7.35431465 -2.07058824]
[ 7.77436977 11.39925472 -0.69411765]
[ 9.13756681 11.69978328  0.44705882]
[ 9.07419296  9.90920854 -1.03529412]
[-12.47588571  12.22678538  -1.75294118]
[ 8.8489089  10.93864498 -0.2       ]
[ 8.89866686 10.28509863 -1.08235294]
[ 8.04960938 11.72205605 -1.05882353]
[ 8.71061129  6.30183423 -2.        ]
[ 8.71628215  5.49985536 -2.02352941]
[ 8.14084965  5.99799365 -1.98823529]
[10.81168934  4.56353454  0.78823529]
[ 8.31227908 11.95946774 -0.89411765]
[10.73642048  8.43822447 -1.65882353]
[10.94997071  7.93583449 -0.89411765]
[11.4000443   7.48902929 -1.14117647]
[-10.59718546  11.76040626  -0.90588235]
[12.13881314  8.88676433 -1.88235294]
[11.54714155  5.63500779 -1.97647059]
[11.98801062  4.44652218  0.10588235]
[12.1762875   4.68987351 -1.64705882]
[-12.07667484   9.74742161  -1.76470588]
[ 9.52249985  9.60022459 -0.35294118]
[-10.64823382  11.73461354  -1.95294118]
[-11.93790566  11.83619124  -1.65882353]
[11.52760608  6.22085109 -1.67058824]
[11.60116281  6.59832236 -0.14117647]
[12.47795961  4.92775868 -0.21176471]
[11.63051851  4.47607885 -2.        ]
[10.2749391   7.07290527  0.04705882]
[10.27656724  4.12896368 -2.        ]
[10.17945545  9.29848381  0.25882353]
[10.14810487  8.57124557  0.89411765]
[10.14906595  4.67359805 -1.85882353]
[10.09756822  4.77868724  0.47058824]
[11.82559788  7.22115906 -1.76470588]
[11.86982829  4.42873046 -0.21176471]
[ 9.82212995  9.17938886 -1.45882353]
[ 9.8197537   4.59499109 -1.83529412]
[ 9.74418021  6.62040427 -2.02352941]
[ 9.72268346 11.20523692  0.14117647]
[9.7281856  8.12509328 0.44705882]
[ 9.62031416  9.42587552 -1.31764706]
[11.95452039  3.67960095 -0.44705882]
[10.17654523  9.14689769 -1.83529412]
[10.97991266  5.00226588 -0.23529412]
[11.0259062   6.55397197 -0.77647059]
[9.45510887 7.02485381 0.8       ]
[11.10269834  7.55376705  0.49411765]
[11.13006916  8.54836572 -0.23529412]
[10.85185915  3.22066356 -2.04705882]
[11.17393053  7.3055018  -1.76470588]
[11.22040701  6.1482642  -1.48235294]
[12.17621701  5.65359693 -0.72941176]
[10.82020658  8.37407349 -1.38823529]
[11.27117217  7.7296152  -1.52941176]
[11.2781118   8.49948235 -1.12941176]
[10.42574245  9.02794442 -1.64705882]
[12.39866425  4.97661552 -0.82352941]
[11.30380192  6.99818999 -0.82352941]
[10.77881929  7.26972276 -0.14117647]
[11.34660919  2.07317356  0.37647059]
[10.77327155  4.70330033 -1.17647059]
[10.70099498  8.37113027 -1.08235294]
[10.64921377  8.77823352 -0.89411765]
[11.49669952  4.86928502 -0.23529412]
[10.6526316   5.74665445 -1.41176471]
[12.44805234  3.32524296 -0.35294118]
[10.62809742  5.24550739 -0.18823529]
[10.35217126  5.54740247 -0.4       ]
[10.80171149  5.67045645 -0.16470588]
[ 7.07370065  9.44895997 -1.90588235]
[ 6.52758498 12.47099923  1.31764706]
[ 6.17879341 11.52300713  0.14117647]
[ 5.97164767 11.5269223  -0.44705882]
[ 5.49521625 12.12287017 -0.42352941]
[ 2.98026055 -0.92378152 -1.03529412]
[-8.77967162 12.45368123 -0.09411765]
[-9.25058735 11.57613953 -1.97647059]
[-9.47362018 12.34713574 -0.4       ]
[-9.72606593 12.348535   -0.70588235]
[-10.09408758  11.60006937  -1.17647059]
[-10.1972492   11.12631047  -0.84705882]
[-10.25028307  12.05217404   0.56470588]
[-10.35299225  12.42834304  -1.34117647]
[12.44769024  5.99691012 -0.8       ]
[-10.90501495  10.85138744  -1.92941176]
[-10.92194395  11.19425277  -1.62352941]
[-10.95379531  10.54422699  -2.16470588]
[-11.17179049  10.57481149  -1.71764706]
[-11.32236889  11.77250612  -0.94117647]
[-11.47503927  12.44771194   1.03529412]
[-11.67339823  12.42184468  -0.30588235]
[-11.68022058  11.83021104  -1.97647059]
[-12.00346694  12.22068229   0.87058824]
[-12.19714132  12.4511343   -0.02352941]
[-12.24490023   9.67587259  -0.87058824]
[-12.40330708  12.42741326  -0.56470588]
[-12.47417631  11.36998622  -0.96470588]
[-12.4795004   11.17626316  -0.04705882]
[-12.49561207  11.17573866   0.91764706]
[-10.85034937  12.35225     -0.82352941]
[ 9.35352753  9.0023969  -0.28235294]
[ 9.3516227   8.67159566 -0.30588235]
[ 9.3196571   9.60524174 -1.64705882]
[ 9.29868818 10.10191364  0.49411765]
[9.27063011 7.50177559 0.77647059]
[ 9.22211919  7.8012119  -1.88235294]
[ 9.14925656  5.95055173 -1.81176471]
[ 9.04962058 11.27222888 -0.21176471]
[ 8.9517137  10.17988553 -1.64705882]
[ 8.95244291  9.27186715 -0.58823529]
[ 8.95015703  7.52725973 -1.05882353]
[ 8.90001815  4.92845129 -1.45882353]
[ 8.85572412 10.3794569  -0.32941176]
[ 8.65109551 10.03060354  0.72941176]
[ 8.55266811  8.85230202 -0.84705882]
[ 7.24659366  8.39891957 -1.97647059]
[8.49971775 6.69951244 0.16470588]
[ 8.44413598  8.29585339 -2.16470588]
[ 8.4292314   9.7544686  -0.47058824]
[8.40170292 9.97620115 0.51764706]
[ 8.32898569 11.17024635 -0.21176471]
[ 8.29443777 11.74427119 -0.47058824]
[ 8.30167338  8.50478764 -1.6       ]
[ 8.2543703  11.47557203 -0.30588235]
[ 8.24980377 10.34448559 -1.62352941]
[ 8.1223729   9.7046217  -1.83529412]
[ 7.9492737  11.97937161 -0.72941176]
[ 7.67505006 12.44573064  0.04705882]
[7.42332679 8.37763239 0.44705882]
[ 7.35058038  9.54497396 -2.09411765]
[ 7.2953268   7.84625362 -1.92941176]
[ 8.52811623  9.51965708 -0.87058824]
