[ 1.41066746  3.08148725 -1.18641012]
[ 8.35736912 -4.77236096 -1.56542617]
[ 2.17982397 -6.64678484 -0.94117647]
[12.15125445  9.25105422 -2.09411765]
[ 0.52694864  2.68769842 -1.89411765]
[ 2.07439639  3.73734317 -1.83529412]
[ 8.51360248 -4.71140969 -2.05882353]
[11.11194481 10.32664258 -2.15294118]
[12.20485291  3.2971706  -2.09411765]
[11.99809179  4.22102375 -2.16470588]
[11.82759272  4.75394128 -2.07058824]
[11.80250829  9.54849834 -2.11764706]
[11.62480691 10.22831475 -2.18823529]
[11.55267082 -0.55088203 -2.11764706]
[11.42585698  6.24879057 -2.16470588]
[11.25379377  6.84979266 -2.11764706]
[11.02665687  2.15561408 -2.16470588]
[12.22047841  2.97000604 -2.14117647]
[10.34923043  4.64689862 -2.11764706]
[10.04765161  7.79883939 -2.11764706]
[ 1.92096768  4.07551205 -1.17647059]
[ 1.07264837  2.92310558 -2.04705882]
[-0.0203369   3.62909378 -2.07058824]
[-2.15582635 -1.5050917  -0.98823529]
[10.72663639 11.72991817 -2.14117647]
