[-5.54937631  8.8372248  -0.62591427]
[ 0.74418219  3.06556774 -1.13958126]
[ 3.15767794  3.15644357 -1.46276665]
[ 3.93356468 10.68041363 -0.13258637]
[ 5.4427753   9.97577997 -0.28831373]
[ 6.37194739  8.65551728 -1.13865546]
[ 1.73931008  9.45531703 -1.44117647]
[-2.27161271  9.95433015 -1.80882353]
[ 0.72330542 11.9386479  -0.38655462]
[ 3.00048771 10.83406697 -0.31294118]
[ 1.90161366 11.09733335 -0.49705882]
[-5.95283045  7.52134889 -0.86764706]
[-3.01095879  9.39655638 -1.03823529]
[-11.15972898  10.91601875   0.29411765]
[-1.10393218e+01  7.26732887e+00 -6.72268908e-03]
[-4.53732334  7.93796041 -1.93613445]
[-0.79583027  9.87282109 -1.64033613]
[-11.0536774    7.1991987   -1.75294118]
[ 0.49567971 10.19646031  0.19607843]
[5.69768448e-03 1.09094299e+01 9.41176471e-02]
[ 2.51088986  9.9734437  -0.50823529]
[ 4.36387817 12.43540167 -0.45176471]
[-12.43089975   8.21833688   0.87529412]
[-11.16081896   7.58548667  -1.95294118]
[ 6.6863067  10.58439369 -0.45882353]
[ 0.09316264 11.12563597 -1.76470588]
[-5.11530612 10.96119064 -1.25882353]
[-7.71573522  9.66833304 -0.64117647]
[-0.62944907 10.45706215  0.18235294]
[ 6.05139634 10.57877563 -0.37647059]
[ 0.42472113 10.68657467 -0.40588235]
[-4.57691325 11.18776311 -1.23529412]
[-6.20955753 10.46330387  0.43137255]
[ 2.33356486 12.09547127 -0.25882353]
[-0.09267021 12.35496205 -0.97254902]
[-0.94176386  9.18305122 -0.47058824]
[-9.41377551  9.84904119 -1.67843137]
[-4.6466634  10.6434226   0.13333333]
[-10.20416025   9.43515782  -1.76470588]
[-11.74001958  10.18359377   0.35294118]
[-5.44015266  9.31019818 -1.11372549]
[-11.08408561   9.95803646  -0.41568627]
[-10.53603055   9.10868794  -1.83529412]
[ 1.59947989 11.87562986 -0.44705882]
[-4.09032703 11.56784266 -1.29411765]
[-4.50134528  8.33705111  0.32941176]
[-4.95403829  9.92450673 -1.70588235]
[ 0.3764237  12.428715   -0.38823529]
[-6.57246897  7.62044202 -2.05882353]
[-4.28386742 10.84950452 -0.69411765]
[ 0.57193047 10.80975255  0.25882353]
[-5.44904504  8.77110121 -0.51764706]
[-2.30389323e-03  1.02745069e+01  2.23529412e-01]
[ 1.41302785 11.14199911 -0.65882353]
[-5.98703624  9.5285075   0.09411765]
[-5.98251775  9.92821554 -2.03529412]
[ 0.97467361 11.66311231 -0.38823529]
[-5.93726467 10.11274267 -1.29411765]
[-3.74328733 10.97259532 -1.37647059]
[-12.40066819   7.71748987   0.90588235]
[-12.42939284   7.5712207   -0.95294118]
[-12.32326768   8.26389333  -0.54117647]
[ 6.14764599 11.05971738 -0.45882353]
[-12.07910086   9.48875973  -0.10588235]
[ 5.17475222 11.31716257 -0.62352941]
[ 5.01252582 11.83570787 -0.57647059]
[-11.07522935   7.77578592  -1.49411765]
[-10.9471821    8.87841064  -1.88235294]
[-10.85033551  11.2392248   -0.03529412]
[-10.7363697    9.45078072  -1.72941176]
[-10.62398955  11.54975085   0.15294118]
[-10.58537582  10.80931836   0.01176471]
[-0.5709977  10.39978524 -1.55294118]
[ 3.29712482 12.15291402 -0.55294118]
[-10.21557857  10.89577426  -1.32941176]
[-10.44925625  11.80006556   0.30588235]
[ 1.9126417   4.07432019 -1.24705882]
[-2.16156262  8.95094284 -1.38823529]
[ 2.17469661 11.11024978  0.08235294]
[-8.35371561 10.34689381 -1.36470588]
[-8.94177989  8.98598488  1.2       ]
[-0.12247134 11.72947746 -0.63529412]
[-0.54409021  9.5299728  -0.56470588]
[-0.12692643  9.55355238 -0.75294118]
[-0.1770279   9.89674275 -1.55294118]
[-0.2279649  10.67014937 -1.69411765]
[-0.24703473  9.24999217 -0.49411765]
[-0.29778964 11.04705313 -0.91764706]
[-0.52218725  9.07369573  0.54117647]
[-0.4796847   9.92814694 -1.36470588]
[ 0.03029679  2.75153836 -2.        ]
[-0.0240749  11.34999556 -0.44705882]
[-0.06968082 10.29726673 -0.09411765]
[ 6.39429209  9.09680298 -0.51764706]
[ 5.09588423  9.30081392 -0.54117647]
[ 4.9538626  10.52619049 -0.58823529]
[ 4.41967907 10.64689329 -0.49411765]
[ 4.40191367 11.10282798 -0.49411765]
[ 3.7207971  11.95376633 -0.49411765]
[ 3.20109721 11.1480979  -0.51764706]
[ 3.17269708 11.85410635 -0.14117647]
[ 3.0461155  10.59778981  0.07058824]
[ 3.02172228 10.2055531   0.16470588]
[2.897936   9.52125603 0.72941176]
[ 2.75010003 12.4524792  -0.58823529]
[ 2.67276737 10.37028941 -0.72941176]
[ 2.14861571 11.57697642 -0.56470588]
[ 2.12271115  9.65351074 -0.47058824]
[-0.57020584 10.82196311 -0.91764706]
[ 1.91962131 10.20220546 -0.14117647]
[ 1.6535793  10.97746405 -0.61176471]
[ 1.45420434 10.28043153  0.25882353]
[1.42296866 8.84598321 0.63529412]
[ 1.4000612  10.79497252 -0.14117647]
[ 1.25190557 10.70194183  0.18823529]
[ 0.82927548  9.3206333  -1.03529412]
[ 0.75097939  7.84906916 -1.27058824]
[ 0.62633832 11.97074917 -0.87058824]
[ 0.6208098  10.22234239 -1.95294118]
[0.62038532 9.37741309 0.61176471]
[ 0.39732298 10.2267723  -0.4       ]
[ 0.34856018 10.44663788 -2.07058824]
[ 0.30456334 11.12623795 -0.49411765]
[ 0.27102997 10.24510856 -1.78823529]
[ 2.03015905 10.2271335  -1.2       ]
[-9.17965113  8.74450749 -2.02352941]
[-9.02210191 10.67095757 -1.92941176]
[-8.94619658 10.99506167  0.70588235]
[-8.84514165 10.83066225 -1.24705882]
[-8.82001605 10.15277301 -0.91764706]
[-8.54654267  8.75264891  0.91764706]
[-8.37451818  9.14620406 -0.61176471]
[-8.32317821 10.25326633 -0.91764706]
[-3.73065327  8.79462356 -1.81176471]
[-7.61924909 11.27059062 -0.42352941]
[-7.2950639   8.15514976  0.70588235]
[-7.24541822  8.02029603  0.30588235]
[-7.25296673  8.70180722  0.84705882]
[-7.15245723  9.65465263 -1.12941176]
[-6.90220393 10.62776504 -1.34117647]
[-6.82086917  6.80108229 -2.02352941]
[-6.67972676 10.2951023  -0.54117647]
[-7.95427135 10.12360701 -1.78823529]
[-12.5040078    7.12611845  -0.54117647]
[-12.39545316   8.05599372   0.11764706]
[-12.2787219    8.873162    -1.12941176]
[-11.95251513   8.19410044  -1.10588235]
[-11.95267732  10.29559695  -0.47058824]
[-11.47194359   9.85549822   0.94117647]
[-11.24679703   9.64932371  -0.30588235]
[-11.19745392   8.5293099    1.10588235]
[-9.27395578 10.77937675 -1.62352941]
[-10.60439716  10.74997485  -1.12941176]
[-10.40258716  10.95573879  -0.8       ]
[-10.32590934   7.74958388  -0.07058824]
[-10.3290565    9.32656509  -0.77647059]
[-10.29676153  10.29628361  -1.27058824]
[-10.14409101  11.12601179   0.07058824]
[-10.07062411   8.24889577  -1.74117647]
[-9.46972114 11.28018967  0.07058824]
[-9.29748948  9.85029031 -0.54117647]
[-10.75114007  10.25017396   0.84705882]
[-3.69684442  8.92004606 -0.8       ]
[-3.59717281  9.26978791 -1.97647059]
[-3.44422205  8.40217386 -1.83529412]
[-3.27630308  8.74412335 -1.22352941]
[-3.15352082 10.8991649  -0.18823529]
[-2.82160707 10.97142162  0.18823529]
[-2.57423355 10.47853378 -1.55294118]
[-2.04955554 10.90114626 -1.88235294]
[-6.59888381  8.70394895 -2.11764706]
[-1.39656282 10.35349609 -1.50588235]
[-1.22200552 10.94510477 -1.08235294]
[-1.20454508 10.09533609 -0.30588235]
[-1.07022913 10.62476019 -2.        ]
[-1.04971569 10.87418503 -1.67058824]
[-0.85344403 10.35098828 -2.        ]
[-0.8445007  12.27093675 -0.98823529]
[-0.67376296 10.85334046 -1.88235294]
[-1.42315596 10.05490276 -1.38823529]
[-6.53052906  9.72915969 -1.15294118]
[-6.12475231  7.83080146 -1.92941176]
[-6.12309139  9.32042588 -0.16470588]
[-5.81919913 10.12865773  0.32941176]
[-5.7545102  10.87859085 -0.98823529]
[-5.72472987  7.70401273 -2.        ]
[-5.59994656  9.60545021 -0.30588235]
[-5.55386726 10.62434896 -1.03529412]
[-4.44970553 11.00101333  0.25882353]
[-5.40480554 10.22029519 -0.30588235]
[-5.37734158 11.52112286 -1.43529412]
[-5.2242998   9.34502724 -1.69411765]
[-5.20475103 10.74510946  0.18823529]
[-5.10214668 10.67937351 -1.83529412]
[-4.92860479 11.47208011 -1.01176471]
[-4.84574828  9.59466162 -0.91764706]
[-4.80486569 11.16926702 -1.76470588]
[-4.70415952  9.67519359 -0.42352941]
[-5.42431543 10.25535566 -1.43529412]
