[ 0.75579736  3.05136204 -1.11298374]
[-11.17506534   1.07972451  -1.13735509]
[ 3.18588633  3.12889326 -1.44961637]
[-12.18546234  -6.48880294  -1.49497848]
[-12.42709431  -9.97218222  -2.03361345]
[-12.33218663   1.14515923  -1.41568627]
[-10.60402474   5.94549046  -1.59058824]
[-11.39734861   5.04501645  -1.3       ]
[-12.26578548   4.41067228  -1.34705882]
[-12.47385553   4.08622693  -0.89411765]
[-10.99061592   5.74183552  -2.01568627]
[-4.13122405 -4.99141023 -1.49019608]
[-11.6781369    1.48748815  -2.11764706]
[-11.75409321   2.62339635  -1.61176471]
[-11.97453051   4.57236602  -1.68235294]
[-10.59156333  -0.07498307   0.11764706]
[-11.88394807  -1.87465863  -1.92941176]
[-10.12939156   5.34945901  -1.62352941]
[-12.49684492  -5.58520855   0.44705882]
[ 2.09572685  3.78601473 -1.78823529]
[-12.38259175  -9.28532142   0.74117647]
[-12.38696302  -0.83731069  -1.55294118]
[-12.48759826   4.25065101  -1.63529412]
[-10.946301    -1.32782597  -2.11764706]
[-10.37228387   1.62375023  -2.11764706]
[-10.39612437   0.12238746  -2.11764706]
[-10.4225458   -0.19549039  -1.36470588]
[-10.60194322   5.52572998  -0.89411765]
[-10.03058519   3.17743485  -1.55294118]
[-9.31968552  4.14746063 -1.24705882]
[-10.65593172   3.85574168  -2.        ]
[-10.67734083   3.45220092  -1.38823529]
[ 2.10037962  2.3015452  -1.17647059]
[-11.03056556  -0.10263395   0.04705882]
[-12.47046264   1.12811582  -0.47058824]
[-12.4722582    3.82985986  -1.78823529]
[-12.38030792  -5.65010353  -0.02352941]
[-12.3539972   -1.14739606  -1.83529412]
[-12.3191784   -1.77356724  -0.89411765]
[-12.33053601  -0.85511884  -1.2       ]
[-12.27942336  -5.87157851  -0.28235294]
[-12.2456682    0.62137871  -0.51764706]
[-12.20053695   3.50349127  -1.45882353]
[10.35310004  4.4268266  -2.18823529]
[-12.1208256    2.21924499  -1.34117647]
[-12.0733329    1.90030614  -0.63529412]
[-12.00500403   1.65435102  -1.03529412]
[-11.92346817   5.17348411  -1.83529412]
[-11.64451705  -2.27771011  -1.90588235]
[-11.57126272  -0.75233367  -1.85882353]
[-11.57112651   2.74658843  -0.47058824]
[-11.34939191   4.4748474   -1.78823529]
[-11.07500252   4.60092674  -1.85882353]
[-12.17205397   0.49700795  -0.91764706]
