[ 0.88851031  3.16296819 -1.08268946]
[ 3.14555723  2.7254133  -1.68979592]
[-0.83573521  6.6029029  -1.55986159]
[ 2.0266866   3.77169669 -1.81647059]
[ 1.89986265  4.1466515  -1.35294118]
[-3.54560175 -5.42065547 -1.34117647]
[ 1.11968752  2.9283768  -2.        ]
[ 1.20520432  4.12577609 -1.31764706]
[ 2.24888887  3.30416779 -2.02352941]
[ 3.37316642  3.50578794 -2.09411765]
[12.02704489 -2.05381681 -2.09411765]
[12.35239873  0.52129201 -2.09411765]
[12.35421519  1.17430859 -2.16470588]
[12.42479316  2.52953476 -2.18823529]
[12.42603999  2.92205916 -2.02352941]
[12.41970738  9.02328037 -2.16470588]
