[ 0.8119483   3.07233243 -1.01176471]
[ 3.12652592  3.18380039 -1.43737831]
[ 9.46920727  6.96957473 -1.51092437]
[12.32893202  1.07500539 -2.12352941]
[ 1.84486899  4.10667844 -0.97647059]
[12.39816158  0.22536142 -2.11176471]
[ 1.95761356  4.21619808 -1.56862745]
[11.34203223 10.26682444 -2.11764706]
[ 3.39742661  3.44699863 -1.95294118]
[12.35824075  2.30519174 -2.16470588]
[12.10879871  2.97440249 -2.09411765]
[11.85156922 -4.6167049  -2.17647059]
[12.02127464  2.37527913 -2.14117647]
[12.17554611 -5.27184411 -2.16470588]
[12.1778257  -2.30296326 -2.16470588]
[12.17322375 -0.05440991 -2.16470588]
[-0.83035693  3.77677423 -1.90588235]
[12.3270851  -1.47368132 -2.11764706]
[12.32473231 -0.34457488 -2.09411765]
[12.32772     1.95230275 -2.02352941]
[12.3248841   3.22695336 -2.14117647]
[12.01970781  8.8268561  -2.09411765]
[11.97798918  4.40166454 -2.14117647]
[11.9494394   9.12232329 -2.14117647]
[11.7507244   9.37828429 -2.11764706]
[10.94833544 -2.54400285 -2.07058824]
[10.9295788   1.52909409 -2.09411765]
[10.89834879  0.59488951 -2.11764706]
[10.65585597  2.47959583 -2.09411765]
[10.34938036 11.27512915 -2.11764706]
[ 9.8447479  11.72401176 -2.09411765]
[ 9.81962606 12.04956822 -2.16470588]
[ 0.95404097  2.74546981 -1.64705882]
[ 1.72301225  3.12480095 -2.07058824]
[12.4238943  -2.60009684 -2.16470588]
