[ 0.99793366  3.11314514 -1.13204106]
[ 3.12588581  2.75465249 -1.66560187]
[ 7.25775438 -6.09949103 -1.70177839]
[ 0.9681134   4.3435501  -0.18823529]
[-0.97761461  2.9099886  -1.93411765]
[ 9.89597187  8.49145254 -2.13333333]
[10.87682712 10.66153139 -2.16470588]
[10.9528324   6.39901781 -2.12941176]
[11.33610951  9.72956078 -2.11764706]
[ 2.00345134  3.79711145 -1.81176471]
[ 1.20456116  3.14673738 -1.97647059]
[-0.39999989  2.22561582 -1.92941176]
[12.40116704 12.35126089 -2.09411765]
[ 9.82267082 11.7788111  -2.11764706]
[10.10068803 11.52104534 -2.09411765]
[10.89659472 10.20427453 -2.16470588]
[11.83058794  9.52584186 -2.11764706]
[12.12235232  9.34962976 -2.11764706]
