[-6.79226551  6.65978198 -0.73418659]
[ 1.11659425  3.07824207 -1.19722135]
[-0.57314728 10.02162256 -1.1826443 ]
[-2.04872958 10.88625039  0.11726133]
[-2.06858991 10.6079282  -1.09102167]
[-10.25012827   5.36554186   0.39861592]
[-6.10580835  9.10163899 -0.31529412]
[-1.0547012  11.97237845 -0.90352941]
[-10.53647031   5.58754681  -1.96470588]
[-2.39104664  7.69329974 -0.13176471]
[-6.29366899  6.99314797 -1.17352941]
[-9.17553558  7.42125511  0.24201681]
[-3.00551176 10.42442846 -0.16078431]
[-7.04228557  7.48240956 -1.59215686]
[-5.30005294 11.92041996 -1.10117647]
[-5.22407591 11.3457397  -0.87529412]
[-5.1638038  10.78391885 -0.29647059]
[-4.5016271   8.81074243 -1.52941176]
[-7.57513503  7.61867517 -1.72235294]
[-4.54214364 10.65716459 -1.15882353]
[ 0.86671493 11.23076937 -1.76470588]
[-11.75832166   5.06604187  -1.92941176]
[-6.04185788  9.43127698 -1.43529412]
[-4.74557946  8.8427281  -1.95294118]
[-0.13483502 11.92294033 -1.15294118]
[-7.94280087  7.4894467  -1.65490196]
[-7.04266096  6.07701509 -2.03137255]
[-9.46844123  6.98239091  0.57254902]
[-6.58466952  6.85101444 -1.81960784]
[-9.37356971  8.28985789 -1.30196078]
[ 7.43325822e-05  1.01647221e+01 -9.72549020e-01]
[-10.17751455   6.88003202   0.47058824]
[-5.52910265  9.59388217 -0.38431373]
[-5.57518617 11.09106442 -0.40784314]
[-2.53250521 10.44930974  0.20392157]
[-1.45869163 12.22987145 -1.6627451 ]
[-10.94562508   5.14133963  -2.        ]
[-3.14029653e+00  1.14413756e+01 -7.84313725e-03]
[-1.91412281 12.15981857  0.07058824]
[-4.65063915  9.76562155 -0.0627451 ]
[-0.942173   12.19485904 -1.57647059]
[-0.6152617  12.37548841 -1.95294118]
[-7.55043593  5.46004067 -2.10588235]
[-7.39883835  6.61123335 -2.08235294]
[-7.27308073  7.9850075  -0.01176471]
[-7.05987852  7.58877405 -2.02352941]
[-0.6368038  11.84095446 -1.78823529]
[ 1.9083371   4.11561293 -1.38823529]
[ 1.0907369  10.94848878 -1.14117647]
[-5.51079618 11.66673617 -0.11764706]
[-1.37336759 11.21104256 -0.32941176]
[-6.45816378  8.35048901 -1.56470588]
[-1.27320162 11.82409159 -0.37647059]
[-4.88995015  7.79828104  0.83529412]
[-6.27814053  9.86505319 -0.49411765]
[-6.18681027  8.03761792 -1.42352941]
[-6.06361827  8.39838215 -2.03529412]
[-4.6628371  10.94599319  0.2       ]
[-5.84941101  7.62603331 -1.58823529]
[-5.72672336 10.00946119 -0.47058824]
[-5.73442602 11.2125444   0.01176471]
[-5.00194913 10.26130816 -0.37647059]
[-9.98538348  6.08929073 -1.15294118]
[-10.22631812   6.27574248  -1.56470588]
[-10.77617661   6.15011735  -2.01176471]
[-10.33402904   5.31160405  -0.09411765]
[-10.63288347   5.31350335  -0.27058824]
[-12.4170815    4.91133812  -2.        ]
[-10.38613911   6.96086243   0.18823529]
[ 2.13637352  3.11324503 -2.09411765]
[-10.35105026   7.37301422  -0.64705882]
[-10.47928566   5.62812193   0.04705882]
[-11.17217595   6.7447811   -1.48235294]
[-2.5746306  11.57678876 -0.42352941]
[-2.6020143  10.57008938 -1.34117647]
[-11.15474617   4.84729773  -2.02352941]
[-2.62595281 12.20440387 -1.36470588]
[-11.07237207   5.82609384  -1.12941176]
[-11.08032875   6.3950144   -1.74117647]
[-2.82021755 10.52903476 -1.57647059]
[-2.99517653 11.02562291 -0.21176471]
[-10.95541132   6.65533376  -0.91764706]
[-3.42675978 10.0036142   0.        ]
[-11.1954626    6.2027126    0.37647059]
[-3.87642431  8.69684016  0.37647059]
[-3.97280531  9.301876    0.16470588]
[-4.12645188 10.42524776 -1.48235294]
[-4.32928526  9.09866432  0.42352941]
[-4.54933977  9.64808369 -0.44705882]
[-10.87231399   6.59800485  -1.24705882]
[-10.77474378   5.50275455   0.11764706]
[-10.69520671   6.32000532   0.23529412]
[-4.67162177  7.64984182 -1.41176471]
[-4.729635   10.09773684 -0.58823529]
[-4.74791288  8.9754621  -0.94117647]
[-3.29554916 10.83059358 -0.30588235]
[ 3.66923345  3.34806176 -2.02352941]
[ 1.12932328  9.10460653 -1.36470588]
[-12.50272009   5.72631006  -0.09411765]
[ 1.07260943  9.97122618 -0.37647059]
[-12.3990868    4.55121071  -1.01176471]
[ 0.67577118 10.79473531 -1.90588235]
[ 0.444805   10.62415833 -2.07058824]
[ 0.30018905 11.87598178 -0.65882353]
[ 0.29463422 10.63025262 -1.57647059]
[ 0.22978305  9.84624984 -0.30588235]
[ 0.0537075   9.5446206  -0.09411765]
[-12.304707     4.07099689  -2.09411765]
[-12.30483224   6.94443628   0.28235294]
[-12.19429957   4.65221139   0.94117647]
[-12.17620039   4.29803366   1.01176471]
[-4.80490173  7.12617578 -1.92941176]
[-12.00503117   5.52534865  -0.77647059]
[-1.07941868 12.47606753 -1.45882353]
[-11.69535861   4.49673934  -1.92941176]
[-1.24986007 11.17673538 -1.6       ]
[-11.62521672   2.8002293   -1.36470588]
[-11.62819562   5.51908018   0.87058824]
[-1.47201279 10.85388789 -1.41176471]
[-11.55127466   5.57994098  -2.07058824]
[-1.78079801 11.87347363 -0.37647059]
[-1.89885056 10.50014084 -0.30588235]
[-11.44829209   4.64759563   0.8       ]
[-1.9988697  10.69444491  0.82352941]
[-2.05236444 10.27705353 -2.02352941]
[-2.30126926 10.47090437 -0.47058824]
[-2.34524765 11.42288829 -1.50588235]
[-12.14499688   5.37932633  -2.        ]
[-6.44459587  7.59852938 -1.36470588]
[-9.77840055  6.57131378 -0.58823529]
[-6.64990811  7.92414896 -0.63529412]
[-6.68061292  9.30264339 -0.65882353]
[-6.67087651  7.82704069 -1.50588235]
[-9.57124465  5.75298067 -0.89411765]
[-6.67094172  6.09623332 -1.95294118]
[-6.7040905   8.97914949 -0.56470588]
[-6.70220114  8.62706003 -1.50588235]
[-6.97943485  8.12545692 -1.17647059]
[-7.02301734  7.17754604 -0.68235294]
[-7.04548822  6.31914508 -1.76470588]
[-7.07817607  4.9791695  -2.04705882]
[-9.42594365  4.02571234 -2.11764706]
[-4.86985005  9.05006461  0.25882353]
[-9.2192487   6.19937314  0.58823529]
[-7.22262673  9.62525663 -1.2       ]
[-7.22645337  6.59563439 -1.45882353]
[-9.1507086   6.6787614   0.58823529]
[-8.89588397  6.77658783 -0.09411765]
[-8.70064616  6.09773233 -1.24705882]
[-7.57317824  7.50599974 -0.56470588]
[-7.65198074  7.77826648 -0.30588235]
[-8.67288062  4.94908319 -2.        ]
[-7.95070724  6.1000745   1.01176471]
[-8.60142504  8.09993917 -0.65882353]
[-8.07682506  8.0515797   0.21176471]
[-8.07675229  4.85098638 -0.54117647]
[-8.44509572  8.1194881  -2.09411765]
[-9.39755732  7.92436849 -1.08235294]
[-4.87125508 11.12200703 -1.17647059]
[-4.87284157  9.22952368 -0.11764706]
[-4.91984647 10.5238185  -1.10588235]
[-5.00401245  7.80359922 -1.48235294]
[-5.05456439  8.15318806 -1.12941176]
[-10.42085476   5.82396952   0.51764706]
[-5.1775335   9.14610424 -0.54117647]
[-10.41933718   6.59869345  -0.37647059]
[-10.42168969   6.9728189   -0.37647059]
[-5.37048538  8.67873128 -0.44705882]
[-5.40053226 11.72121563 -0.49411765]
[-5.4456314   8.54652963  0.18823529]
[-10.3983809    6.40227846   0.11764706]
[-5.60207438  8.10070814 -1.71764706]
[-9.88044074  7.37343345 -1.97647059]
[-5.7037613   9.24433462 -0.58823529]
[-10.34479115   7.39808936   0.54117647]
[-5.74945936  9.369527    0.16470588]
[-5.85116968 12.02026306 -0.44705882]
[-10.19652055   5.59825291  -0.4       ]
[-5.97279012  7.71989158 -2.04705882]
[-5.9973499   8.73078991 -0.44705882]
[-6.04689761  9.30364061  0.35294118]
[-6.09785064 10.27492368 -0.58823529]
[-10.12875762   5.12827991  -0.37647059]
[-6.14435962  8.22280626 -0.75294118]
[-10.09400691   5.35451095  -1.08235294]
[-10.06929956   8.32500424  -1.6       ]
[-10.02986955   7.20362081   0.58823529]
[-6.37920178  7.27974511 -1.50588235]
[-10.34943459   7.2458944   -1.88235294]
