[ 1.17908826  3.0491873  -1.13494695]
[11.82396313 11.82544485 -2.06218487]
[ 1.93798129  4.14568317 -1.29803922]
[ 9.30445072 11.10115359 -2.09882353]
[10.8278129   9.9820184  -2.06470588]
[ 8.80808954 11.37326586 -2.10196078]
[11.7160358   8.64751506 -2.0627451 ]
[ 2.49020967  3.37789982 -2.01176471]
[12.39711935  2.74107874 -2.12941176]
[ 3.37131081  3.79791009 -1.71764706]
[ 4.97270693 -2.5781586  -1.01176471]
[10.82859064  9.52100676 -2.04705882]
[11.32879798  9.0743468  -2.04705882]
[12.39957499  8.22876137 -2.07058824]
