[ 8.88678503  6.5176447  -0.55797023]
[ 1.12263645  3.10018245 -1.19585932]
[-11.03669991  10.87666382  -0.55534863]
[ 5.35521825 11.7361832   0.15207538]
[-9.51325417 11.90926089 -0.98371041]
[ 7.82222824  9.92098561 -1.61107266]
[ 6.82248983  7.90611428 -1.95607843]
[12.10599191  5.83092026 -0.4302521 ]
[10.20669206  5.87355238 -1.70352941]
[ 6.53209945 10.90943064  0.55529412]
[-9.67548758 12.36129245 -0.59705882]
[ 3.52820951 12.36827618  0.50420168]
[12.16841373  6.95412849 -0.34621849]
[-7.79523135 12.32221042 -1.92941176]
[-8.80245734 12.19239055 -1.97254902]
[-9.05445144 12.31177091 -1.20392157]
[-0.95801416  2.8904712  -2.00784314]
[-12.11542448  11.23183861  -0.44705882]
[10.91179431  6.61474285 -1.83921569]
[12.44889091  3.12294974 -0.02823529]
[-12.29140305  11.52655046   0.50352941]
[12.35166043  1.77652687 -1.39764706]
[-10.86861631  10.5567848    0.48823529]
[ 8.89520993 10.1306335  -1.07058824]
[ 9.78527645  7.22667743 -1.89411765]
[ 7.28806249 10.30835003 -0.35882353]
[ 2.24519835 12.10703362 -1.41176471]
[ 9.56122303  8.73042984 -1.8       ]
[-10.02547489  12.11821638  -1.61568627]
[-12.42805003  12.04869415  -0.47843137]
[11.02562883  7.04200006  0.36078431]
[-12.42300471  10.93528054   0.7372549 ]
[ 2.05617274  3.82648698 -1.78039216]
[8.48906391 9.83061558 0.16470588]
[-11.30575846  11.45475201  -0.71372549]
[-12.33287448  10.41592096  -1.63137255]
[7.40070088 9.10147736 0.39215686]
[ 6.92052195 10.4572148   0.43137255]
[-12.39181519  11.34044442  -1.81176471]
[ 9.17184473  4.95881547 -1.89019608]
[12.45789412  1.28512267 -1.89803922]
[-11.71549703  12.42720281  -1.21568627]
[-12.4491987    9.00954915  -1.30196078]
[9.48903772 4.38166832 0.26666667]
[ 8.37313522 10.572929   -0.55294118]
[-7.19066027 12.46137827 -1.98823529]
[ 7.70244067 10.69658474  0.32941176]
[-7.00971586 12.43646998 -1.68235294]
[10.01263079 10.66259661 -1.89411765]
[5.91386968 9.9724094  0.69411765]
[7.28387224 8.21314951 0.78823529]
[ 8.7606542   8.20051418 -0.2       ]
[ 8.76148969  7.8041532  -0.76470588]
[ 7.73438225 10.24645554  0.05882353]
[ 9.08290518  8.11421341 -0.98823529]
[ 5.90381094 10.23016145  0.07058824]
[5.16541111 9.66284103 0.15294118]
[ 7.91522089  7.08580542 -2.02352941]
[ 9.55009972  6.41697206 -0.89411765]
[9.64820043 8.22537195 0.15294118]
[ 4.87300177 12.24573878 -0.44705882]
[9.16344943 6.66231632 0.72941176]
[ 7.26173235 10.99566358 -0.52941176]
[-11.20388808  10.87387831   0.65882353]
[12.26104624  5.10189667 -1.14117647]
[-11.16164022  12.12720885  -1.50588235]
[11.86726269  6.32743561 -0.37647059]
[-10.71593771  12.43478231  -1.41176471]
[-12.00001283  11.83982278   0.83529412]
[-10.59013259  10.46265199   1.14117647]
[-10.31228735  10.67126954  -0.48235294]
[-12.36631288  10.4763754    0.55294118]
[-11.92295556  10.80993414  -1.92941176]
[-12.37192874  12.34936945   0.34117647]
[12.45002456  2.01026732 -2.05882353]
[-12.5023932   10.32464447  -0.74117647]
[-12.47437147   9.18707296  -1.70588235]
[10.41505151  4.41646533  0.91764706]
[-11.68396605  11.17392547  -1.76470588]
[10.87414769  5.83417973 -1.78823529]
[12.1752557   3.52278522 -0.04705882]
[ 9.05230199  7.82958583 -1.52941176]
[12.07262277  4.57702247 -1.52941176]
[12.02925775  3.72030251  0.75294118]
[12.14598077  4.05178634  0.07058824]
[9.09900628 9.073488   0.28235294]
[ 9.12905158  7.39865613 -0.94117647]
[ 9.00518261  7.17878503 -0.72941176]
[ 8.97863087  4.52547067 -2.16470588]
[ 8.89427083  8.35159074 -0.89411765]
[11.94782579  8.00233565 -0.42352941]
[12.20405673  3.44442621  0.49411765]
[12.428385    2.45030808 -1.74117647]
[ 8.80541432  3.17690493 -2.07058824]
[ 8.74645944  8.52284218 -0.09411765]
[ 8.57476155  7.47792464 -0.96470588]
[ 8.55359628  9.65174198 -0.63529412]
[ 8.50597098  4.16946591 -2.11764706]
[12.47843955  3.60489043  0.21176471]
[ 8.37396408  7.85415121 -1.31764706]
[8.82015788 8.40141775 0.68235294]
[10.20436682  3.60562358  0.23529412]
[10.04993592  5.14954684 -1.78823529]
[10.1949163   7.15454433 -0.04705882]
[ 9.82486652 10.9469731  -2.09411765]
[10.50021351  6.40416664 -1.78823529]
[10.55498832  6.65178199  0.25882353]
[ 9.72153341  6.7038878  -0.8       ]
[ 9.65552584  8.72256163 -0.91764706]
[10.67349926  4.12779374  0.8       ]
[10.75225695  5.55190192  0.84705882]
[10.99837372  6.52677649 -0.28235294]
[ 9.60123371  7.52144966 -1.62352941]
[11.45356015  7.37687687 -0.54117647]
[ 9.15206115  9.96972861 -2.11764706]
[9.47533138 7.59593069 0.61176471]
[ 9.44889891  7.62294213 -0.84705882]
[11.69623333  7.1269824  -1.71764706]
[ 9.37275091  6.92313431 -1.43529412]
[11.80027532  2.40434614 -2.16470588]
[ 9.34616433  6.70027314 -0.30588235]
[ 9.27214905  6.42336603 -0.56470588]
[9.19879224 9.39402811 0.07058824]
[ 9.17542805  8.92219668 -1.69411765]
[ 9.17839911  8.89537451 -0.56470588]
[ 9.15453426  9.60209657 -0.49411765]
[11.8557695   5.64664622 -0.02352941]
[11.9028463   3.85036338 -0.23529412]
[11.65088303  5.06967938  0.        ]
[-11.24439735  11.351424    -1.95294118]
[-10.97802407  11.77497165  -1.31764706]
[-10.63075007  12.00036504   0.47058824]
[-10.4944277   10.54610613   0.28235294]
[-10.32206138  12.14460597  -1.34117647]
[-10.2245312   12.44418043  -1.62352941]
[-10.18032856  11.69838106   1.05882353]
[-10.07301804  11.79832909  -2.        ]
[12.4504298   5.70082728  0.37647059]
[-9.67897305 11.27183366 -0.42352941]
[-9.60385144 12.21945925 -0.32941176]
[-9.39615796 11.65470649  0.07058824]
[-9.09680111 11.34645416 -2.11764706]
[-8.204008   12.42430902 -2.        ]
[-7.2721972  12.14821294 -1.95294118]
[-7.15127003 12.02363846 -1.64705882]
[-6.77791854 12.12190239 -2.07058824]
[-6.55535053 12.44497275 -2.09411765]
[-10.0469093   10.21940969  -0.56470588]
[-12.49774132   9.84629756  -0.14117647]
[-12.50280972  11.50571564  -0.91764706]
[-12.45385547  12.17963013  -0.94117647]
[-12.40111453  10.19661807   0.09411765]
[-12.39586694  11.92463188   0.84705882]
[-12.35095761  10.4228011   -0.37647059]
[-12.22716311  10.00104621  -1.01176471]
[-12.19830921  10.17729969  -1.97647059]
[-11.55420582  11.87556558  -1.76470588]
[-12.12695336  11.45228465  -1.08235294]
[-11.97716287  11.7193189   -2.07058824]
[-11.82150223  11.45533646   0.32941176]
[-11.79510841   9.52657443  -1.2       ]
[-11.80412803   9.65388937  -0.75294118]
[-11.7756029   10.07450972   0.91764706]
[-11.72615064  10.96971775  -1.50588235]
[-11.70013307  11.82680152  -1.43529412]
[-11.54988965  10.70497308   0.98823529]
[-12.1738432    9.96975582  -0.58823529]
[ 6.62127843 10.47113609 -0.28235294]
[ 6.67342168  8.59446516 -1.90588235]
[ 6.97957369  7.77571862 -0.14117647]
[ 7.05061521 11.04423692  0.54117647]
[7.47390277 8.79572196 0.47058824]
[ 7.48078636 10.27997161 -1.41176471]
[ 7.50307126  5.92947745 -0.09411765]
[ 7.4973235   7.62105189 -1.76470588]
[ 1.87234436  4.14660669 -1.27058824]
[7.81913206 7.71922528 0.58823529]
[ 7.84444601  7.84539275 -1.81176471]
[ 7.85100289  9.42473213 -1.62352941]
[ 8.02229014 10.67521361 -1.48235294]
[ 8.05007281 10.72555025  0.18823529]
[ 8.17325862  7.62699083 -1.43529412]
[ 8.1951022   9.3225585  -0.02352941]
[8.2022625  9.87112609 0.68235294]
[ 8.2478306   3.99418388 -2.02352941]
[ 7.69783677 10.72933726 -1.01176471]
[ 2.00076754  3.47383459 -1.74117647]
[ 3.55272473 12.44489017 -0.42352941]
[ 4.82412891 10.92358877  0.61176471]
[ 5.02716387 11.30329661  0.54117647]
[ 5.02372289 11.92225923  0.51764706]
[ 5.05560569 11.52666321  0.30588235]
[ 5.31951186 10.4198435  -0.65882353]
[ 5.47047052 12.04946586 -0.47058824]
[ 6.42984723 12.47918466  0.77647059]
[ 5.7703198  12.01963385  0.94117647]
[ 5.9244717   8.73099895 -0.8       ]
[ 5.9965843  10.22529808 -0.4       ]
[ 6.04719689  8.33089113 -0.77647059]
[ 6.07849366 11.47138708  0.30588235]
[ 6.14711936 10.25205399  0.44705882]
[ 6.24594502 12.22396108 -0.18823529]
[ 6.34870286  6.95398523 -1.95294118]
[ 6.35048749 10.22036499 -0.30588235]
[ 5.67188031 10.46905487 -0.30588235]
