[ 0.7816931   3.04910838 -1.10483117]
[ 3.16707811  3.35157817 -1.30065864]
[ 3.23597489  2.64446183 -1.66814009]
[ 4.23120768 -4.91293741 -1.50280112]
[ -2.10902345 -11.59290845  -1.87723785]
[12.11092495 -8.75076798 -2.12352941]
[11.60246918  9.4394808  -2.12058824]
[11.65191621  3.69478438 -2.11764706]
[12.20740997 -3.45063762 -2.12352941]
[11.06711343 -6.49399065 -2.1254902 ]
[11.69748673 -5.07481753 -2.10588235]
[11.1979016  -5.87188427 -2.09411765]
[12.12467406  2.41148928 -2.07058824]
[12.34928844  8.09717119 -2.05882353]
[ 9.83941691 12.23313639 -2.15294118]
[ 2.11219717  3.76601417 -1.74117647]
[ 1.93586111  4.05352424 -1.24705882]
[11.87117236  2.77593401 -2.11764706]
[12.25087879 -2.15024816 -2.11764706]
[12.2515665  -2.8487494  -2.14117647]
[12.39532588 -1.2728505  -2.11764706]
[12.39654729  2.07724653 -2.09411765]
[12.42694464 -2.43049451 -2.07058824]
[11.95389849 -3.97556741 -2.16470588]
[12.42378334 -0.3968851  -2.14117647]
[11.923845    3.34884107 -2.07058824]
[12.42978933  0.65312901 -2.04705882]
[11.92745226 -4.42989817 -2.09411765]
[12.45550779  1.24951285 -2.16470588]
[ 2.42594694  2.99401628 -1.08235294]
[ 3.4254725   3.42944162 -1.97647059]
[ 6.00428755 -2.10157347 -0.94117647]
[ 6.14834948 -1.79694587 -0.98823529]
[ 7.7728932  -4.55252937 -2.14117647]
[ 9.62949262 -8.97351849 -2.16470588]
[10.22816003 -3.34989073 -2.16470588]
[12.43003841  1.75231256 -2.14117647]
[10.74746681  6.72305275 -2.16470588]
[11.02243192 -0.45527151 -2.16470588]
[11.02518768 10.17089496 -2.18823529]
[11.14774894 -0.04436857 -2.18823529]
[11.16960719  5.97666244 -2.16470588]
[11.49943595  5.74647487 -2.14117647]
[11.60339204 -9.97501524 -2.14117647]
[11.61948964 -4.25225126 -2.07058824]
[ 10.54901359 -11.37248907  -2.16470588]
