[ 1.0416357   3.09758586 -1.12717921]
[ 3.21462502  2.68144698 -1.65636424]
[-1.14502218 -4.60924639 -1.58280543]
[ -5.56707261 -10.29490149  -1.90823529]
[12.1585402  12.13011144 -2.10117647]
[12.1837254   7.65214721 -2.10457516]
[11.3031337   8.98199324 -2.07394958]
[11.85810371  3.41466211 -2.12235294]
[11.07792416  5.84078597 -2.15294118]
[10.7253173   9.63079843 -2.12941176]
[11.90264914 -5.67932276 -2.16470588]
[10.29880696 10.9340054  -2.08235294]
[11.51410533  4.21584947 -2.11764706]
[ 9.64838543 11.53594157 -2.14117647]
[12.4529534  -3.40309425 -2.09411765]
[12.42822293  6.55800422 -2.12941176]
[12.46142549  1.4736892  -2.08235294]
[-0.94012304  2.85876435 -2.07058824]
[10.24821179  6.71271374 -2.09411765]
[12.17192855 -5.04401914 -2.16470588]
[12.22678208 -4.17321192 -2.16470588]
[11.69464561  8.71994765 -2.09411765]
[11.67169724  8.39449671 -2.16470588]
[12.45432658 -0.47189087 -2.04705882]
[11.47118401  4.75157099 -2.09411765]
[11.32561312  5.04812409 -2.09411765]
[11.251422    5.45570201 -2.07058824]
[10.89718891  6.12436185 -2.04705882]
[10.9053511   1.82724112 -2.09411765]
[10.8014222   6.75134481 -2.16470588]
[10.5963552   6.44955538 -2.14117647]
[10.47788449 10.62385344 -2.11764706]
[10.42575665  7.19804631 -2.18823529]
[ 9.94489582 11.52885312 -2.14117647]
[ 9.85427984  7.95373042 -2.07058824]
[ 9.50401328 12.04783651 -2.14117647]
[ 8.95254982 -0.94668335 -2.07058824]
[ 3.47735858  3.52485334 -2.        ]
[ 1.89937323  4.10183107 -1.2       ]
[12.45503352  0.6218834  -2.11764706]
