[ 0.74971368  3.04631519 -1.08114445]
[ 3.12152112  3.39901358 -1.28759268]
[ 3.21446045  2.71184461 -1.66315078]
[ 6.23546101  7.17836507 -1.33515732]
[12.16845579 11.74411444 -2.05588235]
[11.99994138 12.26978203 -2.08235294]
[11.41598007  9.44218726 -2.07843137]
[11.97052055  8.88929642 -2.11764706]
[ 1.97424021  4.19860796 -1.55294118]
[ 1.89078663  4.06426505 -1.12941176]
[ 9.33915684 11.75004132 -2.15294118]
[11.15828188 10.07374234 -2.12941176]
[12.35210024  0.40598956 -0.58823529]
[10.27704117 10.92631143 -2.16470588]
[ 1.09527361  2.82969234 -1.97647059]
[ 0.72721138  2.28096445 -1.71764706]
[-4.32188352 -4.4695133  -1.88235294]
[-4.46954288 -4.57636916 -1.45882353]
[12.32618844  8.52292086 -2.07058824]
