[-4.38745673  8.28273833 -0.71019128]
[ 1.11785068  3.12111667 -1.117638  ]
[ 1.98309911 11.4207299  -0.13606138]
[-11.70618641   8.90243936  -0.72657201]
[-4.28472683  9.25088385 -1.73810742]
[-10.19691845   9.0676958    0.37275542]
[-11.08946532   8.21806876  -1.18190045]
[-8.07538356  8.45807519  0.2875817 ]
[-3.34092592 10.17604455  0.32679739]
[-4.71264359  9.6869289   0.21512605]
[-12.42159452   5.89214319  -0.9210084 ]
[ 3.20751134 12.02174211 -0.45882353]
[-5.86460861 10.22879335 -1.68235294]
[-4.19178516 10.03469501  0.30196078]
[-4.94967882  7.36755831 -1.95294118]
[-10.74337958   9.11859383   0.71058824]
[-7.81999744  8.74074216 -1.88705882]
[-6.38965436  9.97478993 -0.98352941]
[-5.44402368  9.86986233 -1.61411765]
[-4.8569077   9.70402023 -1.21411765]
[-0.14605501 10.84930966 -0.65411765]
[-3.81299878  8.82908007 -0.73411765]
[-1.41480747 10.27894426  0.17411765]
[ 2.03984291 10.82189556 -0.95058824]
[ 1.95941546  4.31049321 -1.08823529]
[-4.26134156  7.78210675 -1.98235294]
[-0.83758299 10.73467621 -0.44705882]
[ 2.04551056  3.49838506 -1.68823529]
[-11.143563     7.92799764   0.34117647]
[-1.33858787  9.47802555 -1.87647059]
[-5.248879   10.07105385 -0.30588235]
[-11.99391531   5.8425359   -1.82352941]
[-12.00192648   9.31313291  -0.13529412]
[-11.76138549   5.79250518  -0.04705882]
[-5.58409905 10.12386656 -0.35294118]
[ 1.15826681 12.42180459 -0.87058824]
[-7.50994838  8.86107828  0.21960784]
[-6.06281008  9.87552383  0.08627451]
[ 0.27635018 11.43166996 -1.17647059]
[-12.29642952   5.85124598   0.02352941]
[-4.14296312  7.53346671 -0.04705882]
[-6.51810021  8.82443158 -0.35294118]
[-1.48674195  8.7121673   0.66666667]
[-0.59838719 11.01555816 -0.82352941]
[-11.65076423   9.69540808  -1.28235294]
[-6.42454382  9.68800948  0.43529412]
[-6.95049624 10.33723457 -0.6       ]
[-7.00110344  8.46522384 -1.10588235]
[-7.08471384  8.40867264 -0.47058824]
[ 0.73700706 11.05760607 -0.02352941]
[-7.32085577  9.79654385 -0.74117647]
[-0.58831775 11.47112364 -0.92941176]
[-5.76547037  9.81634275  0.4       ]
[-5.58856617  8.6521805   0.45882353]
[-7.40144954 10.23527249 -1.25882353]
[-5.45227251  9.85234521 -1.14117647]
[ 5.04486398 11.15326259 -0.58823529]
[-1.13635583 12.01513534 -0.32941176]
[-12.2761856    6.73797729  -0.85882353]
[-1.70279876  9.0664351   0.6       ]
[-1.87609221  9.32306251 -1.41176471]
[-3.73791252 10.40330842  0.15294118]
[-2.01311317 10.3628884  -1.37647059]
[-2.10090304 10.57637573  0.31764706]
[-3.38784263  8.23662171 -0.84705882]
[-3.15279265 10.02635254 -1.94117647]
[-1.13458984 11.52500462 -0.45882353]
[-9.81294524  7.68934511 -1.76470588]
[-7.54907453  9.28790733 -0.71764706]
[-9.77446832  8.50437261 -1.74117647]
[ 4.92218943  9.5857641  -0.65882353]
[-10.40907494   8.01212462   0.11764706]
[ 4.21362783 10.45066552  0.27058824]
[ 1.42253295 10.51514781  0.04705882]
[-7.67021928  7.58790604 -0.58823529]
[ 0.77745173 11.98682412  0.04705882]
[-12.37737554   6.13715857  -2.        ]
[ 1.22723023 10.92764906 -2.10588235]
[-12.4095337    6.17679101  -1.24705882]
[-9.59710363  7.93718989  0.51764706]
[ 1.70016843 10.851807   -0.70588235]
[-1.47664463 11.79464208 -0.44705882]
[-1.37892799  8.37058034 -0.70588235]
[-12.37278584   7.99770774   0.70588235]
[-1.32178416  9.94702088 -1.90588235]
[-1.22199992  9.92466301 -1.62352941]
[ 1.35091132 11.67934008 -1.50588235]
[ 1.32919623 10.8755499  -0.42352941]
[-1.17403665 11.07116629 -0.44705882]
[ 1.65111936 11.17852851  0.77647059]
[-2.69568861 10.02785752  0.09411765]
[-2.87988241 10.52330756 -0.16470588]
[-2.34795219 10.90574943 -0.37647059]
[ 4.69583974 11.37167726 -0.63529412]
[-2.1557574  10.59733872 -0.21176471]
[-12.4724512    5.7467213   -0.54117647]
[ 2.77215032 10.80152289 -0.47058824]
[-1.69761925 10.92182933 -0.58823529]
[ 2.29993971 12.37237827 -0.82352941]
[ 2.02548806 10.54593579 -1.43529412]
[-1.75555984  9.80040775 -1.27058824]
[-1.69581725  8.54465403 -2.04705882]
[-12.47939392   7.0709236   -0.89411765]
[ 1.27897295 11.25276199 -1.6       ]
[-1.59795545  8.95153525 -0.82352941]
[ 1.80103928 10.35312416 -1.50588235]
[-2.00454344 11.1278498  -1.55294118]
[ 0.7482936  10.19571865 -0.21176471]
[ 0.72497844 10.65405146 -0.42352941]
[ 0.64844717 12.05260152 -1.01176471]
[ 0.6480028  11.57188415 -0.82352941]
[ 0.60111992 10.77498001 -0.09411765]
[ 0.32237997 12.3224574  -0.30588235]
[ 0.74602465 10.37318065  0.18823529]
[ 0.30332437 11.47451095 -0.58823529]
[ 0.87294289 12.13044645 -0.75294118]
[ 0.20396784 10.29477449  0.04705882]
[0.20481426 9.97674302 0.07058824]
[ 0.02999258 11.04444559 -0.25882353]
[-0.17477384 10.82230565 -1.22352941]
[-0.19880705 11.16935686 -0.96470588]
[-0.97183635  9.37191129 -1.36470588]
[ 0.98029757 10.12138747 -0.58823529]
[-0.24872229 11.22958072 -0.63529412]
[-12.42472065   8.37844263   0.37647059]
[-0.54418798 11.04874211 -0.37647059]
[-0.57009072  9.92510023 -0.56470588]
[ 1.05185728  2.97717286 -1.90588235]
[ 1.17448903 12.1274607  -0.87058824]
[-0.59740545 10.25022345 -0.44705882]
[-0.72100201 11.65101831 -0.56470588]
[-0.7462901  12.0527635  -1.29411765]
[-0.95262179  9.67155684 -1.36470588]
[-12.39735484   6.50233771  -1.2       ]
[-12.37695253   7.2204316   -1.85882353]
[ 1.19961624 10.97072047 -1.48235294]
[-1.1473724  11.62334411 -1.01176471]
[ 0.9452879  12.14810563 -0.44705882]
[-8.9753854   7.92451883 -0.44705882]
[-8.92887841  9.19591391 -1.43529412]
[-8.68088207  8.301915   -0.68235294]
[-11.42236237   8.95552773   0.        ]
[-8.27874346  8.09619918 -1.62352941]
[-11.47966802   7.06983156  -1.74117647]
[-7.87942897  8.65371286 -1.43529412]
[-7.59943884  9.27661699  0.07058824]
[-4.07087534  9.826977   -1.03529412]
[-7.25270081  8.12197549 -1.03529412]
[-7.25140172  9.79415984 -0.02352941]
[-7.2210279   9.9735349  -1.88235294]
[-7.20286133  7.80032516 -1.15294118]
[-7.17387812  9.69792469 -1.62352941]
[-7.15530894  8.05591569 -0.72941176]
[-7.04975888  9.46994903  0.09411765]
[-6.99588221 10.04569434 -1.2       ]
[-6.9215615   9.55576573 -0.32941176]
[-7.55181978  9.14656832  0.47058824]
[-11.19522663   7.55441312   0.07058824]
[-11.1804476    8.00402144  -1.52941176]
[-11.12434758   7.34530274  -1.6       ]
[-11.12733623   7.75061336  -0.96470588]
[-11.13068664   9.05544113  -1.76470588]
[-11.27791067   7.79830401  -1.74117647]
[-10.79519132   7.72714863  -1.15294118]
[-10.78030816   8.92348572   0.04705882]
[-10.6959335    6.82217173   0.61176471]
[-9.47131005  7.54488501 -1.08235294]
[-11.3239033    9.27262657  -1.31764706]
[-10.25490513   6.72954335   0.61176471]
[-10.25575942   8.64821801  -1.67058824]
[-10.1537934    8.19499952   0.68235294]
[-10.0292642    7.80120372  -0.58823529]
[-10.00261799   9.40383044   0.63529412]
[-9.97413032  8.8452858  -0.07058824]
[-9.65164019  8.84851539  0.02352941]
[-9.64717189  8.94968307 -0.58823529]
[-10.65201574   8.37284881   0.02352941]
[-4.9769382   9.4444918  -0.98823529]
[-4.95265333  9.05065399 -1.74117647]
[-12.00176523   8.36945304  -0.87058824]
[-12.00450459   7.46975506  -1.52941176]
[-4.69893858  7.07954287 -2.09411765]
[-4.69612683  9.6802546  -1.78823529]
[-4.58017831  8.22000338 -1.90588235]
[-4.49467072  9.32765461  0.42352941]
[-12.12649016   8.98083527  -0.4       ]
[-6.92807038 10.07640569 -1.76470588]
[-12.24508285   6.34514655  -1.52941176]
[-3.89787986  8.57698802 -1.83529412]
[-3.89977467  9.65443748 -1.55294118]
[-3.82427969  9.49764682 -2.07058824]
[-3.62496482  9.85371831 -1.43529412]
[-3.52645114  7.72042948 -0.11764706]
[-12.29875      6.97990287  -1.48235294]
[-3.39753281  9.3268495  -1.45882353]
[-3.12708363 12.07393548 -0.28235294]
[-3.95457331 10.52041685 -1.52941176]
[-6.87098121  6.74473957 -1.69411765]
[-6.72552036  9.80501917 -1.57647059]
[-6.54608518  8.30094411 -1.36470588]
[-6.35325877  9.07459116 -0.30588235]
[-6.25494935 10.10101237  0.30588235]
[-6.24960063 10.16970935 -1.6       ]
[-6.09708306  8.68065261 -1.92941176]
[-6.09605637 10.42422421 -0.4       ]
[-6.07835522  6.99545547 -1.76470588]
[-5.00596313  9.4798743  -0.18823529]
[-5.92657697 10.74595729 -1.2       ]
[-5.83006857  6.7965895  -2.        ]
[-5.72048879  9.92726296  0.07058824]
[-5.67105426 11.59633489 -2.02352941]
[-5.65449651 10.17957868 -1.05882353]
[-5.59600005  9.79946441 -0.51764706]
[-11.69743432   9.27074937  -0.42352941]
[-5.47235772  7.9535033  -1.85882353]
[-5.26912991  9.10183096 -0.37647059]
[-11.67996074   5.47858162  -1.81176471]
