[ 0.73456607  3.07356594 -1.12427429]
[-11.60644482   0.63055996  -1.14944609]
[ 3.12398617  3.4468342  -1.34117647]
[ 3.16873874  2.73740339 -1.70315294]
[-12.28087224  -7.42806372  -1.41921569]
[-11.5148073    4.15142654  -2.02614379]
[-0.94940133  2.876132   -1.83865546]
[-12.25117187  -6.22681196   0.11764706]
[-12.12121821   4.73686305  -1.80392157]
[-12.31475552  -6.51485497  -1.87764706]
[-12.28840652  -5.73186406  -0.98823529]
[-11.76156319   4.95816336  -1.27647059]
[ 1.95086195  4.25780075 -1.52941176]
[-11.92369934  -5.88745765   0.45882353]
[-12.28689689   2.74874532  -1.71764706]
[-12.37423756   3.86112996  -0.97647059]
[-12.45008952  -6.67623171   0.21176471]
[-12.49802344   1.75441322  -0.47058824]
[-9.64827416  3.09921543 -1.64705882]
[-10.90142808   1.8448636   -2.16470588]
[-10.92169964  -0.10185878  -0.54117647]
[-0.10488158  3.55288939 -2.16470588]
[ 1.87518146  3.67107454 -1.52941176]
[-11.07273326   2.57852317  -0.44705882]
[-11.36918833   0.29538215  -0.72941176]
[-11.20389844   0.29504563   0.02352941]
[-11.32242002   3.70305732  -0.18823529]
[-11.62222034   2.79608558  -1.10588235]
[-11.67186717   3.72913356  -2.07058824]
[-11.77585097  -6.57273972   0.09411765]
[-11.97090733   2.5470215   -1.24705882]
[-11.97161044  -1.84994662  -1.85882353]
[-12.15448039   1.14876179  -1.81176471]
[-12.24836504   4.03058931  -1.48235294]
[-12.29909099  -1.89459403  -1.76470588]
[-12.37323912  -6.95522819  -0.23529412]
[-12.40516694  -0.60511156  -0.28235294]
[-12.42708969  -1.94730485   1.03529412]
[-12.44999043  -6.34718572  -1.43529412]
[-11.92807427   0.77777463  -0.56470588]
