[ 9.72666043  5.71315114 -0.54159708]
[ 0.73926216  3.11016429 -1.14737495]
[-10.0934012   11.37651476  -0.52551186]
[ 3.1410232   3.24373909 -1.50200612]
[ 6.36822863 11.51702685  0.18158352]
[-12.14018306  10.05966747  -1.15258195]
[-10.72859953  11.94153466  -0.87020873]
[9.51734046 9.19779547 0.11176471]
[-9.03542081 12.40742966  0.73333333]
[-11.44476414  10.77778382   0.81830065]
[ 4.77455373 12.15189466  0.47352941]
[-11.94928309  11.57872188  -1.1697479 ]
[-8.2718189  12.06489323 -0.41568627]
[ 8.21745771  7.15303034 -1.96470588]
[-12.43769707  12.14858176  -0.54117647]
[11.58074754  5.88171341 -0.21176471]
[ 9.2372245   7.28538176 -0.85176471]
[11.93442926  5.82832945  0.24      ]
[10.69433311  6.21832172 -0.76470588]
[-9.11998177 11.25796483 -0.38235294]
[10.38007818  8.00765327 -1.70588235]
[-10.18031924  11.16292239  -1.22941176]
[-10.99905513  11.09134697  -0.20588235]
[ 6.27668521 12.34292162  0.32352941]
[ 6.99252192  9.62544638 -1.4       ]
[-11.75669831  11.41927515   0.77058824]
[12.23105456  5.85620929 -0.51764706]
[ 7.89166047 12.12488467  0.09411765]
[-12.1321914   11.25151544   0.25882353]
[ 7.89964248  9.79093895 -2.01568627]
[10.77523482  5.40160111 -1.54509804]
[-11.83459299  11.14878475  -1.77254902]
[11.00968569  5.66745533 -1.50588235]
[ 5.46488072 12.37471     0.55686275]
[11.1178602   6.42295588 -1.97647059]
[-11.02320982  12.01949187  -1.54509804]
[-11.42324076  10.97074883  -0.69803922]
[11.84210275  4.1708603   1.01960784]
[ 7.37387417 10.24353292 -1.78039216]
[ 7.17486741 10.85923674  0.54901961]
[ 9.85361454  7.72704542 -0.77647059]
[ 9.80851898  6.79138303 -1.21176471]
[ 7.74025534  8.26046301 -0.97647059]
[-7.83606902 12.06408562 -1.87058824]
[ 8.210139   12.07438628  0.6       ]
[ 9.1751713  10.31233565 -0.50588235]
[10.22722701  9.3744861  -2.09411765]
[ 9.74929037  8.88760795 -0.82352941]
[10.13151621  8.35024979 -1.15294118]
[8.79896355 9.42432165 1.10588235]
[ 7.26421273 11.20172765  0.2       ]
[ 6.8378126   7.81014635 -1.28235294]
[ 5.71151758 11.77524418  1.14117647]
[ 7.95106167 11.03819012  0.54117647]
[ 7.68700971  8.24640693 -2.01176471]
[ 9.51000097  7.54920673 -0.72941176]
[ 6.24702517  8.45057231 -2.11764706]
[ 7.1730268  11.95075283 -0.30588235]
[-10.13771055  11.76572615  -1.75294118]
[-10.15379767  12.16350387   0.63529412]
[-12.43980794  10.25974679   0.25882353]
[11.98473436  7.04959209 -0.98823529]
[-11.54431631  12.38991474   0.78823529]
[11.32445635  5.86039493  0.27058824]
[11.31506412  7.27649267  0.49411765]
[12.08761147  5.3031674   0.29411765]
[-10.00917314  10.26663085  -0.25882353]
[ 8.62354363  9.75051736 -1.02352941]
[-9.80374292 12.09840823  1.14117647]
[-11.43857581  11.42038073  -0.08235294]
[11.94099523  6.23809773 -1.70588235]
[-9.69044384 11.22187069  0.8       ]
[11.87933094  2.17262546  0.22352941]
[10.72100355  6.73794802 -2.01176471]
[ 9.19952189 10.04745917  0.23529412]
[12.07926234  1.9281157   0.02352941]
[ 9.39953456  7.12842196 -1.41176471]
[ 9.4945244  10.24453807 -1.24705882]
[ 9.55476661  7.49814142 -0.23529412]
[ 9.59918808  4.52157707 -0.25882353]
[11.90373337  5.60591746  0.61176471]
[ 9.2474714   9.45385422 -1.31764706]
[12.07580977  5.55172006 -1.78823529]
[12.14873672  6.32667795 -0.35294118]
[12.27121882  2.06928884 -0.37647059]
[ 9.12800672  7.27060775 -1.76470588]
[12.33057075  2.90030338  1.17647059]
[ 8.89856101  7.21931959 -1.2       ]
[ 8.82657329 10.34459327 -0.58823529]
[ 8.82356082 10.1997251   0.4       ]
[12.32776101  4.90482891 -0.09411765]
[12.44833038  2.15106787 -0.61176471]
[ 8.69747552 10.00499658 -0.02352941]
[12.47303054  4.72865366 -0.70588235]
[8.62780493 9.09561847 0.72941176]
[ 8.49428289  9.9511675  -0.47058824]
[12.14431074  7.32631057 -0.72941176]
[10.55083856  7.97209363 -0.87058824]
[10.54621862  2.64630891 -0.11764706]
[10.3978159   8.54672816 -1.22352941]
[10.32839777  4.87923879  1.24705882]
[10.29469834  6.50057669 -2.14117647]
[10.25488748  6.42668032 -1.81176471]
[10.2499717   5.87723071 -1.27058824]
[10.80106529  5.92344637  0.87058824]
[10.23059113  5.72203157 -0.75294118]
[10.22346688  3.20318561 -0.56470588]
[10.90197291  7.56984175  0.07058824]
[10.89995949 10.22978022 -1.95294118]
[10.94635332  5.24838294 -0.68235294]
[11.69645282  5.75436551 -0.61176471]
[11.35442337  2.97400579  0.65882353]
[10.0533788   8.75458383  0.42352941]
[10.02118334  7.57781878  0.56470588]
[11.57179986  5.97773258 -1.67058824]
[10.01983064  3.72309655 -1.78823529]
[10.00063196  8.57281765 -1.6       ]
[ 9.9690977   7.60016304 -0.16470588]
[11.67649618  5.32465779 -1.78823529]
[ 9.87035679  6.17700373 -1.67058824]
[ 9.84440382  9.49683467 -0.25882353]
[11.69550323  2.57099829 -1.34117647]
[11.77003572  5.43080679  0.14117647]
[ 9.69471781  9.85395789 -1.2       ]
[10.97171354  5.12028783 -1.24705882]
[-11.31943109  11.4955656   -1.55294118]
[-11.27448035  12.47649845   0.02352941]
[-11.24429879  11.77451397   0.72941176]
[-11.24754599  12.0452052   -1.90588235]
[-11.1794847   12.07938313  -0.21176471]
[-11.14547187  11.59976404  -0.32941176]
[-11.04996559  10.54803126  -0.82352941]
[-11.00244163  11.22871948  -0.70588235]
[12.47870442  4.59518026 -1.62352941]
[-10.47513121  10.95104846  -1.95294118]
[-10.37610167  10.20109395  -0.56470588]
[-10.17695515  11.51966179  -1.45882353]
[-10.14788866  12.35325171  -1.50588235]
[-10.10203562  11.45436958  -0.44705882]
[-9.82678612 11.52489333  0.68235294]
[-9.57335592 11.00429065 -0.28235294]
[-9.54674341 11.5284508  -0.61176471]
[-9.05469924 12.10599018 -0.87058824]
[-10.97539617  10.02643786  -2.09411765]
[-12.5023941   10.39426272  -0.18823529]
[-12.47756448  10.37984889  -0.61176471]
[-12.47552907  10.9200078    0.54117647]
[-12.44498859  10.95001358  -0.37647059]
[-12.44831494  11.60025172   0.58823529]
[-12.4002144   12.35451402  -1.22352941]
[-12.24999577  11.90519652   0.11764706]
[-12.17519351  10.57147341   0.18823529]
[-12.12307649  10.52348624  -1.17647059]
[-11.35518633  11.44590716  -0.77647059]
[-11.85391266   9.55386914  -2.07058824]
[-11.85145809  11.57360289   0.21176471]
[-11.72562798  10.57296453  -1.12941176]
[-11.72769206  12.37338012  -0.65882353]
[-11.52207006  11.70186913  -1.15294118]
[-11.49704657  10.9757866   -1.50588235]
[-11.42333195  11.17514787  -1.74117647]
[-11.42183266  12.27367978  -1.6       ]
[-11.3791123   10.6531018   -0.96470588]
[-11.87276646  12.04508627   0.63529412]
[ 7.39737328 10.54895717  0.21176471]
[ 7.42899154  8.5733945  -0.87058824]
[ 7.50174284 11.07027686 -0.11764706]
[ 7.54646854 12.09797534 -0.16470588]
[ 7.61903785  7.60038768 -1.69411765]
[ 7.72655518  7.74915789 -0.58823529]
[ 7.75544288  7.40270694 -0.65882353]
[ 7.82476874 11.67015271  0.        ]
[ 7.85110109  9.79630993 -1.48235294]
[-8.77642506 11.27770685 -2.14117647]
[ 7.88066627 10.20092611 -1.55294118]
[ 7.95594333 10.37072968  0.58823529]
[ 8.04410163 10.50199534  0.30588235]
[ 8.10092109 10.04937809  0.02352941]
[ 8.09433656 10.37728575 -0.25882353]
[ 8.15183219 10.10002364  0.49411765]
[8.2949057  9.15071879 0.58823529]
[8.30365128 9.30489742 0.02352941]
[8.37198526 9.70482779 0.02352941]
[ 7.87276608  9.0034194  -2.        ]
[-8.42814813 11.87033285 -0.98823529]
[-8.2464832  12.00209087 -2.09411765]
[-8.15120064 12.34644813 -2.11764706]
[-7.8532136  12.47567298 -1.88235294]
[-5.97202692 12.44767051 -1.55294118]
[-0.37888608  3.92225219 -2.11764706]
[ 1.94993274  3.77479919 -1.64705882]
[ 4.34930462 12.19474398 -0.42352941]
[ 4.90051897 11.89441146  0.02352941]
[ 7.14433784  8.32614005 -1.83529412]
[ 6.20101589  8.55343505 -1.55294118]
[ 6.37696896 12.0504699  -0.14117647]
[ 6.47947717 12.32109814 -0.23529412]
[ 6.6201657   9.65080659 -1.01176471]
[ 6.82964941 12.32192097  0.02352941]
[ 6.87154588  7.99744288 -0.25882353]
[ 7.00569442 10.25064602 -1.05882353]
[7.055422   8.19406973 0.32941176]
[ 7.07824037 10.52850864  0.70588235]
[6.17596714 8.92647604 0.25882353]
