[11.19876494  4.80503438 -0.57889323]
[ 0.78412006  3.08052683 -1.11522227]
[ 9.42303351 10.57293739 -0.60089807]
[ 3.10560434  3.17888372 -1.45679404]
[11.81096342  8.87130261  0.53435294]
[12.28523709 -0.23071951  0.13817272]
[10.9064177   4.42231241 -1.90980392]
[ 9.91448887  5.71014797 -1.97112299]
[12.12014613  3.97134851 -1.72078431]
[10.04662654 11.07132049 -1.70823529]
[11.30427921  7.39242697 -1.72392157]
[11.66152727  6.70310143 -1.60542986]
[12.12966813 11.82404533 -0.12834225]
[11.72654625 11.67138982  0.46352941]
[ 8.83385738 10.51724466 -2.00941176]
[10.08052604  7.75578754 -2.03697479]
[ 9.85709338 10.71008009  0.70196078]
[10.08012705  9.88724635 -1.12941176]
[ 8.90158526 12.03830692 -1.64705882]
[10.86445964 11.30496952  0.42745098]
[11.79956711 11.1900814   0.58823529]
[-10.94845323   6.82687749  -2.00392157]
[ 8.58258573  9.80342734 -1.9254902 ]
[ 9.56503163 10.07888443  0.76235294]
[ 8.42794837 11.36461018  0.34823529]
[12.07247962 11.46549338 -0.56941176]
[12.24437352 -0.08874659 -0.55529412]
[10.57383331 10.80758483 -0.1       ]
[10.53755386  3.37718688 -2.        ]
[11.33810337 10.50523728 -0.81764706]
[ 9.64810737  6.6591951  -2.00588235]
[10.87293852  4.46738537 -0.43529412]
[ 1.86197876  4.05765119 -1.19411765]
[10.57975571 10.18928134 -1.91372549]
[10.84036788 12.35093429  0.11764706]
[10.82592535  9.569762    0.0627451 ]
[11.25924836 11.81573363  0.77647059]
[11.28159521 11.10655269  0.96470588]
[11.35740436  8.94001464 -1.41960784]
[11.32843727 11.05748059 -0.5254902 ]
[ 8.94868958  9.51676186 -1.96862745]
[ 9.15918251  9.76892828 -2.0627451 ]
[11.94985997  2.88282237  0.20392157]
[-10.57426387  12.44319947  -1.56078431]
[12.42350169  4.28368126 -1.36470588]
[12.4011207   2.54993904 -0.24313725]
[10.10455603  9.50894672 -1.86666667]
[10.4743813   7.94622646 -1.67058824]
[10.59038331  0.58759618 -2.02352941]
[12.47025655  0.81386673  0.43529412]
[10.67505146  8.60246282  0.67058824]
[12.44562974 -0.20151418 -1.35294118]
[10.867139    6.91482422  0.84705882]
[10.95300279 11.68354479  0.36470588]
[10.92455681 10.12153761 -1.95294118]
[12.31593756  0.42290922 -1.70588235]
[12.21691137  8.28757362 -2.07058824]
[11.38570291  7.58855159 -1.2       ]
[11.6111134   7.95323331 -0.27058824]
[11.84081668  3.76324765 -1.41176471]
[11.6577318   9.60866509  1.17647059]
[11.67116563 11.4387279  -0.02352941]
[10.9253985 12.3236402 -2.       ]
[10.30047518  4.08481555 -2.07058824]
[ 9.29135891 11.63690308 -1.63529412]
[ 9.32555361 12.43829201 -1.03529412]
[10.06326226 11.6250787  -0.48235294]
[10.48806936 10.11270562 -0.88235294]
[ 9.00015291 11.06400165 -1.70588235]
[10.01430086 10.87626664  1.36470588]
[ 9.33780088 12.46361317  0.52941176]
[ 9.38574384 12.28638038 -1.68235294]
[ 9.62660235 11.92241383 -1.08235294]
[11.84926763 11.34670247 -0.77647059]
[11.82124765  8.44561227  1.15294118]
[11.82375172  6.77726234 -0.18823529]
[ 9.22806938  8.00115576 -1.71764706]
[11.80300333  9.04682592 -0.18823529]
[ 1.74648023  3.17056607 -2.09411765]
[11.77557884  0.01929252 -0.11764706]
[11.75148663  3.20019527  0.21176471]
[11.72473723  9.57587214 -0.47058824]
[11.72282885  7.3997415  -0.8       ]
[11.698511   11.27309099 -0.44705882]
[ 1.19887203  2.87281287 -2.09411765]
[ 7.82980562 10.95532314 -1.48235294]
[ 9.75208755 12.03050773 -1.92941176]
[ 9.17435718 11.97045289  0.94117647]
[ 9.89985498 11.0008369  -0.51764706]
[11.57281038  8.16931932  0.25882353]
[11.57362247 12.32767988 -0.07058824]
[11.60324466  7.5946312  -1.50588235]
[11.42059269  7.4973201   0.61176471]
[ 9.36975549  7.59976792 -1.81176471]
[ 9.45040172 12.42731871  0.89411765]
[12.43007422  5.4783937   0.49411765]
[12.4195496   5.17435822 -1.85882353]
[ 9.49696097  7.90473957 -2.04705882]
[12.37467069  7.44736798 -0.8       ]
[12.37754797  6.44583387 -0.42352941]
[12.37247262  3.49927269 -1.43529412]
[12.35166842  6.9015843  -0.18823529]
[12.3298972   6.32940811 -1.71764706]
[12.32647647  2.99658191 -0.02352941]
[12.27981977  9.47474343  0.07058824]
[-2.7015261  -8.44696006 -0.8       ]
[12.24882318  6.1703842   0.25882353]
[12.25323253  4.92930075 -0.47058824]
[ 9.29944408 11.24718654 -2.04705882]
[12.2004643   9.97613447  0.70588235]
[ 9.60550733  8.09434367 -1.34117647]
[12.1723996   5.02829241 -2.02352941]
[12.18025448  3.194872   -0.44705882]
[12.14696173  9.32420235  0.82352941]
[12.05221877  7.0037932   0.56470588]
[12.04435031  3.14674824  0.56470588]
[11.42893144  4.39512699 -1.71764706]
[-0.94496138  2.87494951 -2.09411765]
[12.25357526  6.5729427  -1.22352941]
[10.87613231 11.85482512 -1.6       ]
[10.87799489 10.42766694 -1.76470588]
[10.20071482  4.73010824 -1.97647059]
[10.82224362 10.62628664  0.09411765]
[12.47190506  6.44881682  0.58823529]
[10.27026601  9.92652112 -1.43529412]
[10.27509277 11.62936182 -1.38823529]
[10.72491785 11.9219243  -0.07058824]
[ 8.77336275 11.79787752  0.51764706]
[10.69789061  9.90259032  0.32941176]
[10.30569581  8.62973433  0.96470588]
[11.32335448 10.15005442  0.30588235]
[10.64932573  5.70314444 -1.85882353]
[10.63025614 12.24497539  0.44705882]
[10.6284949   9.67232362 -1.29411765]
[10.54936624 10.30217949  0.51764706]
[10.37857036  8.17349021 -2.04705882]
[ 8.8940174  12.39916845  0.37647059]
[10.3946954  11.67390119  0.89411765]
[10.44542209 11.90099231 -2.04705882]
[10.4480052   7.32131573 -0.35294118]
[10.42915913 11.27400502 -1.48235294]
[10.41954451 10.8191177  -1.43529412]
[10.4273142   9.9992087  -0.35294118]
[10.65493459 10.27819852 -1.62352941]
[11.42160172 -1.71941752 -2.16470588]
[11.40403096  4.5756448  -2.18823529]
[11.33036996  8.72749396 -2.07058824]
[11.32334825  7.77867864  0.09411765]
[ 8.02016702 11.22530672 -0.75294118]
[10.05271807  4.24651212 -1.74117647]
[11.25494947 11.45358685  0.28235294]
[11.1941849   6.62578951 -0.8       ]
[10.07947923  9.95090542 -0.30588235]
[10.12338132 10.69414947 -0.58823529]
[ 8.24909702 10.30366021 -1.92941176]
[11.13025855 12.25327082  0.75294118]
[10.90082467  7.25009834 -2.09411765]
[11.09551747 10.95245934  0.18823529]
[11.10443885  7.62167354  0.23529412]
[11.0708988  11.0056453  -1.92941176]
[11.07456605 10.34767724  0.37647059]
[11.02242547  8.90216628  0.70588235]
[11.02877083  6.67636694 -1.2       ]
[11.00020086 10.22219228 -0.63529412]
[ 8.35235532 10.77880307 -1.97647059]
[ 8.7017929  11.94769966 -1.2       ]
[10.17456892 10.24921048 -1.76470588]
[10.17468044 12.2497348  -1.83529412]
[10.89497466  8.90012713  0.25882353]
[11.10354289 11.72640519 -0.02352941]
