[ 0.75523079  3.08898993 -1.09887333]
[ 3.0597294   3.41508527 -1.25180119]
[ 3.19936621  2.71250308 -1.62959752]
[10.90055266 -4.86080509 -1.47820069]
[12.04584542 -7.96129988 -2.11040724]
[12.20247294 -1.37840419 -2.09747899]
[12.26713001  1.18350115 -2.09019608]
[11.36350328 -8.63772653 -2.1254902 ]
[11.87639599 -2.29716024 -2.1254902 ]
[11.60951102 -3.01312184 -2.12235294]
[11.55413221  4.23871466 -2.12235294]
[ 9.82279428 -7.63515966 -2.10352941]
[11.06216691 -9.2531844  -2.09411765]
[10.87100743 -5.81161499 -2.13529412]
[12.35944932  0.33319407 -2.11764706]
[11.37666318 -3.80865829 -2.09411765]
[12.10187849  2.22617494 -2.10980392]
[10.18617476 -7.10815049 -2.09411765]
[11.88278566  7.95050587 -2.11764706]
[11.97597416  8.62246734 -2.13333333]
[ 9.16788003 -2.27436638 -2.13333333]
[10.08745601  5.08771505 -2.15294118]
[11.5265312   5.22600491 -2.14117647]
[ 8.88650567 -6.349788   -2.11764706]
[10.28437271 -3.47379447 -2.12941176]
[ 8.43894742 -6.48612412 -2.12941176]
[10.52354641 -6.7712562  -2.11764706]
[11.8369747   9.41610515 -2.11764706]
[12.11017978  2.98575833 -2.11764706]
[10.68676822 -6.32198824 -2.08235294]
[12.22975183 -0.12423078 -2.14117647]
[10.97862575 10.35503818 -2.16470588]
[11.42107995  9.6287421  -2.07058824]
[10.90236169  1.02388208 -2.18823529]
[11.47832623 -4.3492003  -2.14117647]
[11.1705602   6.13071973 -2.09411765]
[-0.9550549   2.90037282 -2.04705882]
[-0.40199788  2.27257108 -1.92941176]
[ 1.85487423  4.11945523 -1.27058824]
[ 1.99559755  3.80059888 -1.78823529]
[ 3.24405134  3.62444324 -1.97647059]
[ 8.44444405 -6.79669504 -2.07058824]
[ 9.22374823 -9.07270104 -2.16470588]
[ 9.29771673 -8.74799565 -2.07058824]
[ 9.36915303 -5.55216576 -2.11764706]
[10.5464299   2.87606576 -2.11764706]
[ 9.62429823  8.62874006 -2.18823529]
[ 9.84736973 -6.97858343 -2.11764706]
[10.10092897 -4.14992484 -2.04705882]
[10.12123125 -2.84505529 -2.16470588]
[10.3203321   3.59997094 -2.14117647]
[10.37605131 -2.32141438 -2.07058824]
[10.42926029 -1.65229869 -2.11764706]
[10.57330745  7.45547608 -2.16470588]
[10.82713562  0.37944938 -2.11764706]
[ 1.09034875e+01 -6.82552022e-04 -2.07058824e+00]
[ 9.54481545 -5.27043709 -2.02352941]
