[ 1.10761299  9.58383809 -0.41309238]
[ 0.71477769  3.08930545 -1.1295112 ]
[-5.90274283 11.01203123 -0.67279677]
[ 7.96690489  8.62643197 -0.92934376]
[ 3.12035962  3.21263425 -1.46781815]
[-10.59153895  11.91404466   0.17579832]
[-12.30106016   9.44919416  -0.88173375]
[ 1.97153276 10.8165537   0.28542199]
[-4.99295247 11.66640893 -1.58615917]
[-11.84967181  11.83949867  -0.73613445]
[-3.07938771  9.77048416 -1.57466063]
[-2.57501109 11.10287989 -1.92352941]
[-10.49140122  12.09633005  -1.87254902]
[-0.29015093 11.715052   -0.09176471]
[ 5.13277246 10.81096705 -0.50718954]
[-12.25377564  12.10829913  -1.18169935]
[ 1.56060061  9.46521718 -1.67581699]
[ 4.70863473 10.16373154 -0.40672269]
[-0.63449105  9.07500972 -2.00336134]
[-5.61394016 10.61202043  0.5254902 ]
[ 0.32344671  9.13387886 -1.97647059]
[ 0.26368692 11.74546979 -0.3372549 ]
[-11.05990073  12.20684969  -1.20784314]
[ 9.7214122  10.59153083 -1.18823529]
[ 0.02393788 12.09301314 -1.04941176]
[-10.25922211  11.51548073  -0.98352941]
[ 8.81171837  6.91011556 -1.33647059]
[-12.189914    -9.23360777  -2.05176471]
[-1.89067582 11.63186976 -1.49647059]
[ 5.89319105 11.24362274 -0.32470588]
[-0.33691528 11.93137553 -0.81176471]
[-5.20239551 12.38209194 -1.04705882]
[ 9.95138272  8.65505673 -0.98235294]
[-2.15508011 11.21084     0.29411765]
[ 4.5810529  11.79781349 -0.31764706]
[-2.3390039  11.36743212 -1.20588235]
[ 8.85630599  9.62397141 -0.15294118]
[ 9.76360863  8.42477383 -1.83529412]
[-11.30255161  12.10641147  -0.29411765]
[-10.57434891  11.84945414  -1.14117647]
[-6.14942722 11.58149342 -1.83529412]
[2.32078725 9.11554591 0.63529412]
[-6.20633674 12.2022798  -1.78823529]
[ 0.66517686  8.952111   -1.73333333]
[-1.40791514  9.10216206 -0.36862745]
[-11.30787607  12.22152747  -1.78823529]
[-1.42523064 11.85886456 -1.05098039]
[ 3.36769595 10.63305702  0.3372549 ]
[ 0.44828619 10.14457494  0.76862745]
[ 3.77443222 10.53417232 -0.50980392]
[ 4.40142798 11.24292069 -0.51764706]
[ 8.09807004  9.86843546 -2.        ]
[-2.40554229 10.14287325 -1.6627451 ]
[-10.55022289  11.94987372  -0.58039216]
[-8.68045948 11.75498074 -0.58039216]
[-8.14422098 10.56797451 -1.04313725]
[ 5.15083892 12.07560331 -0.29019608]
[ 9.77611801  9.03386444 -0.76862745]
[-11.83502048  12.31177922  -1.35686275]
[ 8.04664729  8.91411461 -0.30588235]
[ 8.08500135 11.23427303 -0.47058824]
[-0.65967474  8.67271093 -2.17647059]
[ 8.124781   11.58626473 -1.17647059]
[-0.77777837 11.29731202  0.35294118]
[-1.10060331 12.376997   -1.74117647]
[-1.42467811 11.82926248 -1.57647059]
[-1.62728101  9.13627969 -1.92941176]
[-1.64842034 10.91320528 -2.03529412]
[ 8.89225278  6.86202719 -0.76470588]
[ 9.31446381  9.40259899 -1.14117647]
[-3.02014456e-04  1.04086524e+01  5.64705882e-01]
[ 5.43990905  9.62412088 -0.51764706]
[ 4.67408504 10.35845636  0.02352941]
[6.15421087 9.67534358 0.31764706]
[4.41495003 8.42465893 0.78823529]
[ 4.23551097 12.08781789 -0.24705882]
[ 3.82356748  8.64994688 -0.08235294]
[ 3.58800344 11.27468699 -0.14117647]
[ 3.30980671 10.2385677   0.22352941]
[3.19090364 9.92330462 0.50588235]
[ 7.63332873 10.64829172 -0.69411765]
[ 2.38733644 10.03712032  0.23529412]
[ 2.22303887 10.27463833 -0.47058824]
[2.13656616 9.7210876  0.11764706]
[ 2.04608096  3.76135363 -1.75294118]
[ 6.53794326 10.31075391  0.35294118]
[ 6.85337947 11.03366488 -0.51764706]
[ 1.059636    2.98436054 -2.04705882]
[ 8.05832687  9.66038746 -0.70588235]
[ 0.42477443  8.641877   -1.23529412]
[ 0.20918071 12.38757    -1.2       ]
[ 6.25172626  8.42521705 -0.8       ]
[-5.13729785 11.9344518   0.04705882]
[-9.81626153 12.45372199 -0.75294118]
[-10.08826644  12.03345283  -0.72941176]
[-9.58465522 12.14834379 -0.98823529]
[-4.76236468 12.41267098  0.70588235]
[-10.20126652  11.76636914   0.67058824]
[-4.2500329  10.4855594  -0.21176471]
[-10.86442027  12.21372725  -0.75294118]
[-11.0576119   11.82401148  -0.29411765]
[-4.14509195  9.63755376 -2.        ]
[-11.04937399  11.47387459  -0.62352941]
[-6.33395929 11.03428332  0.07058824]
[-6.32920055 10.64848864 -0.6       ]
[-7.0872806  11.6648807  -2.05882353]
[-0.19792573  8.40294206 -2.04705882]
[-7.40037479 10.36624179 -0.04705882]
[-12.44791575   9.65135242   0.72941176]
[ 6.02723818  8.02659372 -1.38823529]
[-7.80007315 10.82145873 -1.92941176]
[ 4.37017961 10.55204126 -0.35294118]
[ 6.09540429  9.25486702 -0.32941176]
[-7.60274731 11.60346912 -1.22352941]
[-9.15578562 12.18089007 -1.05882353]
[ 4.22692912 11.62944182 -0.58823529]
[ 6.3693353  11.85573927 -0.28235294]
[-9.72680858 11.32666734 -0.54117647]
[ 6.62532858 11.55262184 -0.49411765]
[ 6.64858549  9.69804396 -1.05882353]
[ 6.80308356  9.30129199 -1.81176471]
[-9.57687465 11.77067178 -0.32941176]
[-8.00207566 12.44728149  0.75294118]
[ 4.82665223  9.91973289 -0.21176471]
[-8.00101656 11.6274958   1.12941176]
[ 5.00417915  9.62282684 -0.58823529]
[ 4.9954336  12.09557871 -0.63529412]
[4.5960603  7.90311572 0.35294118]
[-8.54483601 11.34932361 -0.98823529]
[ 4.50137753  9.87944561 -0.02352941]
[ 5.25012514 11.40137365 -0.37647059]
[-7.95534919 10.22427081 -1.10588235]
[ 5.34444676 11.72491895 -0.58823529]
[-8.70359466 11.55476444  0.14117647]
[-7.90073889 12.19992195 -0.28235294]
[ 5.47554035 12.4767304  -0.21176471]
[-8.87566654 11.87659852  0.09411765]
[ 5.89672045  8.67317016 -0.89411765]
[ 5.1778945  10.22132417 -0.63529412]
[ 8.97913095  9.59442724 -0.58823529]
[ 8.97306601 10.87715314 -1.78823529]
[9.15378109 8.22165469 0.28235294]
[ 9.17997617  8.37913091 -1.36470588]
[-11.74526244   9.85260862  -0.56470588]
[ 9.27391582  9.8494004  -1.17647059]
[ 9.44580408 10.77238539 -1.52941176]
[-12.17648442   7.92691406  -2.07058824]
[ 7.5260772  10.18033851 -0.89411765]
[ 9.54816146  9.42238453 -0.72941176]
[ 9.70003967  8.09529716 -1.15294118]
[-12.47123941  10.39854897  -0.96470588]
[ 9.72773389 11.05122543 -1.17647059]
[ 9.82480848 11.40531658 -1.01176471]
[-12.49997837  10.09996814  -0.21176471]
[ 9.94971004 11.12355449 -1.52941176]
[10.25171807 12.05181539 -0.91764706]
[ 9.52446367  8.34971426 -1.36470588]
[ 6.82466232  8.10519886 -2.09411765]
[ 6.97680618  9.39734721 -0.44705882]
[ 7.25168646  8.39704807 -1.15294118]
[ 4.17829936 10.29674305 -0.37647059]
[ 7.74822478 10.4055633  -0.44705882]
[ 7.7963597  10.60515623 -1.22352941]
[ 7.87093335  9.60227879 -2.07058824]
[ 7.92020726 10.47730563 -0.18823529]
[ 8.89400907  6.92827462 -2.09411765]
[-10.9468574   12.27873815  -0.02352941]
[ 8.15223506 11.15130117 -0.82352941]
[ 8.27398055 10.14873297 -1.97647059]
[ 8.28083706 11.1477409  -1.34117647]
[ 8.62577195 11.73050544 -0.72941176]
[ 8.72135579 12.21957938 -1.15294118]
[ 8.74635034  9.72414821 -1.31764706]
[-11.24545715  12.09488033   1.01176471]
[-11.60427502  12.4050966   -0.72941176]
[-10.62616672  12.42532858  -0.30588235]
[-1.40049765  8.7496594  -2.09411765]
[-1.32698631 11.47205686 -1.12941176]
[-3.91974148 12.00295071 -0.16470588]
[-1.07822044 12.1047591  -1.45882353]
[-1.02873882  9.8499629  -1.97647059]
[-3.9228707  11.12484016 -0.51764706]
[-4.19787157 11.020163   -2.11764706]
[-4.29822211 10.65079829 -0.84705882]
[ 3.61963842 12.0512431  -0.58823529]
[-0.60142132 11.65394133  0.49411765]
[-0.57928181  9.52076468  0.87058824]
[-4.30363503  9.25194789 -1.83529412]
[-0.404954    9.89858368 -2.        ]
[10.46923226  8.89504637 -1.01176471]
[-4.74769411 11.4502845  -1.97647059]
[ 0.10265769 11.10240673 -2.02352941]
[ 0.10266559 11.62372767 -0.70588235]
[ 0.14776603  9.47540862 -1.64705882]
[-0.67611125  9.74845355 -2.04705882]
[-2.66938066 12.34670177 -2.16470588]
[-2.60467505 10.83060468  0.        ]
[-2.57136695 11.8766567  -1.22352941]
[-2.67445747 11.2951707   0.09411765]
[-2.87566327  9.55171913 -1.90588235]
[-2.89629173 10.52591404 -0.21176471]
[-2.12068145 11.71941462  0.11764706]
[-2.06939278 11.77717155  0.47058824]
[-3.44718683 10.92996493 -0.18823529]
[-3.0286305   8.75215678 -2.02352941]
[-1.94666696 11.92722275 -0.28235294]
[-3.07814118 10.29721842 -0.44705882]
[-3.20310824  9.52438475 -1.78823529]
[-1.58020629 10.4535551  -1.81176471]
[-1.52835772 11.67322261 -0.30588235]
[-3.27736517 12.1288699   0.82352941]
[-1.4741738  12.43007926 -1.17647059]
[-3.42656195 10.04739328 -2.11764706]
[-2.0752944  12.07151922  0.4       ]
[-5.94768197 11.92109458 -0.8       ]
[ 2.24892112 11.32738797  0.11764706]
[-6.31900469 12.353511   -0.98823529]
[-6.3730314   9.5755242  -1.17647059]
[ 2.49813764 10.77778586  0.11764706]
[ 2.65267235 10.1003974  -0.07058824]
[ 2.71992995  8.67287505 -0.82352941]
[ 2.99507457 10.34912621  0.04705882]
[ 0.15397737 11.69800987 -1.2       ]
[ 3.32272111 10.25162437 -0.4       ]
[-7.00432202 11.32955305 -1.85882353]
[ 3.42466469 10.69719194 -0.4       ]
[ 3.42939974 12.30292506 -0.44705882]
[ 3.47299817 11.19963416 -0.65882353]
[-7.05339714 11.32508974  0.4       ]
[ 3.57708021  3.32583417 -1.95294118]
[ 3.74526446 11.77205702 -0.61176471]
[-7.32758627 12.22480733 -0.44705882]
[-6.95037941 11.85088805 -1.64705882]
[ 0.17110681  9.55529278 -2.09411765]
[-5.0236796  11.52363889  0.42352941]
[ 0.20262736 11.46920455 -2.11764706]
[-5.17626854 11.12991071 -0.28235294]
[ 0.32334368 11.57534008 -1.43529412]
[-5.22336057 11.77644809  0.47058824]
[-5.27221789 11.25438357 -2.11764706]
[-5.30467386 11.57829742 -1.95294118]
[ 0.75004286 11.50524147  0.18823529]
[-5.85056452 12.39839015  0.42352941]
[-5.57761978 10.82915369 -0.21176471]
[ 1.04507963 10.57658774 -0.91764706]
[-5.62407565 12.10507561  0.61176471]
[ 1.47687283 11.02489996  0.25882353]
[-5.76970245 10.95457553 -1.22352941]
[ 1.75106513  9.67937777 -0.44705882]
[ 1.82613104 10.05361369  0.04705882]
[ 1.89798723  4.199947   -1.62352941]
[-5.85244719 12.4733158   0.8       ]
[ 0.8973104  11.78049741 -1.08235294]
