[ 1.29590594  3.07689147 -1.13879648]
[12.02622627 11.45501586 -2.05618247]
[-1.65725831 -6.38220521 -1.6122549 ]
[11.8337346   6.95691725 -2.08919289]
[10.69050918  9.31175691 -2.11323529]
[11.53509532  2.68593503 -2.10509804]
[11.20301042  4.14883858 -2.09411765]
[ 3.61265377  2.85752625 -0.95686275]
[10.24483608  2.84788338 -2.09882353]
[10.14741326  6.62962723 -2.1       ]
[11.05046255  5.2105638  -2.12352941]
[ 9.48550742  4.91003395 -2.15294118]
[12.0407086   1.7769938  -2.10588235]
[ 1.84384203  4.00301909 -1.05882353]
[11.6827591  -4.17120659 -2.1254902 ]
[ 9.47500867 11.31995697 -2.14117647]
[10.2080185   2.08870844 -2.15294118]
[10.77576807  5.96432813 -2.15294118]
[12.27609249 -1.99740267 -2.12941176]
[ 9.73444262  4.39169191 -2.07058824]
[ 5.44032061  3.31074465 -0.89411765]
[ 9.66412267  7.04698431 -2.16470588]
[ 9.27262684  8.17474656 -2.08235294]
[ 8.68460493  3.6124443  -2.17647059]
[ 8.6753604  12.02877839 -2.09411765]
[11.78513898  1.5145774  -2.12941176]
[ 9.62430137  7.93982082 -2.14117647]
[12.02963499 -3.32094992 -2.09411765]
[10.94844851 -0.81932408 -2.04705882]
[12.12430497 -3.77213869 -2.14117647]
[11.54554706 -6.55060454 -2.09411765]
[12.20327335  1.02838227 -2.09411765]
[10.21926748 -4.44846012 -2.16470588]
[12.4511676  -0.2475055  -2.11764706]
[ 1.85003046  4.15214453 -1.55294118]
[ 2.95533049  2.80522902 -0.84705882]
[ 3.25326301  3.64890607 -2.11764706]
[ 3.347409    3.7973138  -1.81176471]
[ 5.71974881  2.27119925 -0.91764706]
[ 6.80312668  5.92586691 -2.07058824]
[ 8.60283955  2.17532178 -2.16470588]
[ 8.62235003  6.57506575 -2.16470588]
[12.35283809 -9.37606573 -2.18823529]
[ 8.9756454  11.85033627 -2.14117647]
[ 9.05356685  3.1805523  -2.04705882]
[ 9.62752191  4.00435562 -2.14117647]
[ 9.72468986 10.5967662  -2.11764706]
[ 9.74740953  7.42781339 -2.07058824]
[ 9.77461893  0.24705704 -2.16470588]
[ 9.94911289  3.80054751 -2.11764706]
[ 9.94770403 11.05211727 -2.07058824]
[10.02865032 10.60155573 -2.11764706]
[ 8.65192308  6.14580463 -2.11764706]
