[ 3.1110884   9.30446357 -0.58385288]
[ 0.75199726  3.0836351  -1.13722163]
[-5.46805122 11.1394249  -0.72424138]
[ 3.14288226  3.2051339  -1.46418989]
[ 7.82805282  9.85239225 -0.20844646]
[-12.07229782   9.99007997  -0.80031373]
[ 1.49689724  8.23867378 -1.26524064]
[-9.90958066 11.96962731  0.0684492 ]
[-12.23058902  10.21023587   0.64369748]
[-10.5465217   12.25421586   0.37828054]
[ 7.07080319 10.11950605 -0.38914027]
[ 0.72198731 11.8713545  -0.30226244]
[-3.58375166 10.69925253  0.37254902]
[-4.93389207 12.18702475 -1.55294118]
[-3.8308283  12.07265698 -1.42745098]
[-0.13660116  9.12397187 -2.04444444]
[-8.90046825 11.07899208 -0.47058824]
[-4.40709832 11.94990167 -1.39869281]
[10.20667913  8.59244298 -0.64117647]
[ 0.75944499  9.25859683 -1.95588235]
[ 5.51449635 10.64183871 -0.34705882]
[-3.38754398 10.60481464 -0.21848739]
[-6.44062717 11.68124807 -1.98823529]
[-9.01284183 12.08390048  0.88235294]
[-11.37181267  12.10758273  -0.65490196]
[ 0.72556429 12.25013649 -1.01568627]
[ 7.68359599  8.26706816 -1.89411765]
[-4.7068695  11.66887887 -0.18352941]
[-4.05073503 12.3659558   0.08941176]
[ 9.17050857  6.59112349 -1.34117647]
[-1.23893778 11.64272213 -1.38352941]
[-6.90615450e+00  1.06619560e+01 -9.41176471e-03]
[ 5.77099397 10.03751782 -0.49411765]
[-7.22998305 11.26434793 -1.92      ]
[-12.46443772  -8.71387997  -1.89647059]
[-9.35708913 12.33894523  0.04235294]
[10.3481884  10.67955653 -1.54117647]
[ 7.41807391  9.63181162 -1.14705882]
[-4.10245942 11.40897123 -1.85882353]
[-9.68482186 11.95819837 -0.91176471]
[-1.8607035  11.66106461  0.38235294]
[-7.08856545 11.55574961 -1.23529412]
[10.36793419  8.27539389 -1.04117647]
[-1.84932618 11.68678312 -1.28823529]
[10.12071467  7.94854895 -1.70588235]
[-7.31927321 11.65167263  0.11764706]
[-10.02964636  12.40675297  -0.41176471]
[ 1.94590294  4.22681644 -1.43529412]
[ 5.17994244 11.68336767 -0.39411765]
[-5.08587582 10.91703727  0.57254902]
[-10.47266217  11.94824772  -0.58039216]
[7.00189258 9.21009703 0.        ]
[10.83237461 11.69801712 -0.98823529]
[8.57031813 8.39407724 0.14901961]
[-1.06884344  9.03080053 -1.96862745]
[-1.51950202 11.68421161 -1.78039216]
[ 0.64803951 12.17304295 -1.48235294]
[-9.96410249 12.38521813 -1.38039216]
[ 8.0400416  10.92499502 -0.76078431]
[ 8.14224436  9.18092566 -0.98823529]
[-3.21194001 11.07523291 -0.16470588]
[ 4.09321189 11.26104449 -0.37647059]
[ 1.08302914  8.32719796 -1.27843137]
[ 5.42610073 11.97177721 -0.50980392]
[ 6.53321034 11.0921755  -0.30588235]
[ 8.91601063  9.9548424  -2.10196078]
[-5.45182944 11.67411855 -1.5372549 ]
[-9.04936633 11.69832787 -0.68235294]
[ 1.62337872  9.12278592 -1.51372549]
[-6.2509384  11.3586666  -1.70980392]
[ 1.88879026 11.07092705 -1.78823529]
[-1.73614561 10.50745005 -0.43529412]
[ 7.34073131  9.3921576  -2.15294118]
[ 5.85977201  9.42568726 -0.4       ]
[ 5.80993635 11.42330381 -0.34117647]
[-1.71231207 11.1656433  -1.18823529]
[ 2.98570045 11.28730602  0.37647059]
[ 5.26106472 11.33315558 -0.49411765]
[-2.03578467 12.265924   -1.32941176]
[ 4.96181966 11.02282597 -0.47058824]
[-12.48759348  11.25102432   0.07058824]
[ 1.86123822  9.49910869 -1.16470588]
[ 1.78635696  9.61585429 -1.56470588]
[-1.44076589 10.73726684 -1.70588235]
[ 1.73698023 11.26254308  0.30588235]
[-1.15012632 11.12848468 -2.01176471]
[ 5.98798161 12.15440816 -0.21176471]
[-10.90288061  12.24027165  -0.61176471]
[-11.5752173   12.16110087  -1.35294118]
[ 0.13703008  8.44046529 -2.04705882]
[ 0.50994435 11.07763775 -0.32941176]
[ 1.17302019  9.13831933 -1.50588235]
[-12.21294273   9.19674312  -1.09411765]
[-12.30159059  10.85058496  -0.05882353]
[-1.44740229 11.41047482  0.27058824]
[-7.95046527 12.36159312 -0.27058824]
[-7.84816916 11.86602152 -0.17647059]
[-8.20056753 12.09744346 -0.49411765]
[-7.44962755 10.85754763 -1.4       ]
[ 9.8973977  10.44626452 -1.03529412]
[-5.81150725 11.65817208 -1.84705882]
[-5.1249599  11.19102143 -1.49411765]
[-5.08649997 12.43792286 -1.15294118]
[ 8.70674401  9.89562089 -0.77647059]
[ 8.72552609  8.87925546 -2.03529412]
[ 8.64043909 10.91342125 -0.35294118]
[-4.81506533 11.34875329 -1.77647059]
[-9.72601621 12.46113575 -2.01176471]
[-4.48912085 12.33835403 -1.85882353]
[-2.32415246 12.34161915  0.49411765]
[ 7.87152353  9.04855384 -0.30588235]
[-3.89562997 11.68644879 -1.57647059]
[-9.7221823  12.22385407  0.65882353]
[ 8.52785462 11.06180916 -0.75294118]
[-4.48595436 12.1507121   0.10588235]
[-2.01078473 10.75959311  0.11764706]
[ 9.10528167 10.07204238 -1.08235294]
[10.92495838 10.59745289 -1.36470588]
[ 4.90523689 11.43056251 -0.65882353]
[ 7.37496648 10.62550786 -0.61176471]
[10.07745564 10.15365962 -1.2       ]
[ 9.16907482  9.8976552  -1.41176471]
[ 9.2793519  11.47458608 -0.8       ]
[ 9.37038965 10.41957257 -2.07058824]
[ 9.5043024  10.49819397 -1.78823529]
[9.60549197 7.92279871 0.02352941]
[ 5.78058959 11.98060784 -0.4       ]
[ 9.62065828  9.44489512 -0.14117647]
[ 5.74732232  8.87955174 -0.56470588]
[ 4.98015483 10.09662744 -0.18823529]
[10.02858401  9.06938373 -0.70588235]
[ 5.47470154 12.42079401 -0.4       ]
[ 9.67423372  9.44858955 -0.61176471]
[ 4.59592368 10.74518192 -0.51764706]
[ 7.64815475  9.99612443 -0.94117647]
[ 5.04776752 10.59955295 -0.51764706]
[ 7.62405889 10.85252309 -0.8       ]
[ 7.37437116 10.17007716 -1.41176471]
[11.10009474 11.97647235 -1.15294118]
[ 8.5250357   7.70232876 -0.58823529]
[10.4008622  10.27927965 -1.10588235]
[ 7.17453779  9.64836584 -0.37647059]
[ 7.15084311 11.25479476 -0.56470588]
[ 7.24460642  7.87460601 -2.11764706]
[10.44898067 11.27183767 -0.98823529]
[ 6.92473638 10.14955931  0.54117647]
[ 8.59899186  9.42537212 -2.09411765]
[ 8.42290403  6.77058056 -2.02352941]
[ 8.61979229 11.80598052 -1.62352941]
[ 6.77214359  9.39580928 -0.35294118]
[ 5.99641239 12.20233414  0.44705882]
[10.87441801  8.46910519 -1.01176471]
[ 8.27387148  8.60327867 -0.44705882]
[ 8.74743726 10.89615943 -0.94117647]
[ 6.49448232  9.27732348 -0.65882353]
[ 8.12282282  9.14468331 -0.51764706]
[ 8.80590847  9.37277833 -1.52941176]
[ 8.82671229 10.84847028 -1.41176471]
[ 6.04785542 12.45094432 -0.35294118]
[10.29973414 10.69473868 -1.10588235]
[ 6.02326203 12.22526787  0.09411765]
[ 6.03014597 10.62620238 -0.44705882]
[ 5.97973573 10.37622515  0.25882353]
[ 6.64845479  8.79997432 -0.28235294]
[-6.64541623 11.02562007 -1.57647059]
[-6.54734849 12.23053408 -0.94117647]
[-5.79476909 11.79954481 -1.17647059]
[-5.42921349 12.32785752 -0.91764706]
[-5.17149586 10.77227152  0.11764706]
[-5.17322759 12.2307818  -1.97647059]
[-5.11983337 11.27610187  0.4       ]
[-5.13007971 11.79560831 -0.61176471]
[-5.07156204 11.07743461 -0.32941176]
[10.92838137 11.47968739 -1.62352941]
[-5.04830047 11.10564347 -2.04705882]
[-4.92617489 12.09445551 -0.96470588]
[-4.69656075 12.19875959  0.61176471]
[-4.49526117 11.47002827 -1.57647059]
[-4.36918573 11.77076524 -1.83529412]
[-4.17420766 11.89486091  0.28235294]
[-3.97860709 10.69610023 -2.07058824]
[-3.97323662 11.72902973 -0.44705882]
[-3.84910451 12.19738059  0.42352941]
[-5.07361477 11.65146065 -1.03529412]
[-12.47633811  12.35072548   0.09411765]
[-12.42826985  11.05262999  -0.49411765]
[-11.92635426   9.17674518  -1.27058824]
[-11.52029724   9.52659413  -0.65882353]
[-10.93075043  12.39582706   0.16470588]
[-10.7712716   12.42169093  -0.32941176]
[-10.14937373  12.47947194  -2.04705882]
[-9.47744361 12.09793777 -0.42352941]
[-9.47673032 12.42955781 -0.54117647]
[-6.72853211 12.19973743  0.82352941]
[-8.52364771 12.25201191 -0.47058824]
[-7.86994358 12.00078255 -0.87058824]
[-7.39876238 11.49534939 -1.69411765]
[-7.35388532 10.82924224 -0.07058824]
[-7.35522084 11.89853571 -0.18823529]
[-6.90000647 11.50204485  0.23529412]
[-6.87663759 11.53072372  0.70588235]
[-6.82456725 12.39483631 -1.95294118]
[-6.77232141 11.21931153 -2.04705882]
[-9.39804985 12.32963937  1.10588235]
[ 1.04775374 11.9197629  -0.04705882]
[ 1.17011033  8.76918954 -1.38823529]
[ 1.17501695  9.74901628 -1.29411765]
[ 1.32439945 11.10483111 -0.91764706]
[ 1.45547676 11.27252298  0.14117647]
[ 2.15548896 11.22467875 -0.23529412]
[2.24559869 9.62371305 0.04705882]
[ 2.49965737 11.15233058  0.04705882]
[ 2.52752668  9.64478726 -0.51764706]
[-3.6207315  11.37228378 -2.        ]
[ 2.92658665 10.37382966  0.14117647]
[ 2.99673382 10.93075405 -0.30588235]
[ 3.49538124 -1.72928981 -1.08235294]
[ 3.67909812 10.70260193  0.16470588]
[ 3.69443703 10.34563428 -0.61176471]
[ 3.92282165 10.44441301  0.16470588]
[ 3.95442637 12.12525066 -0.47058824]
[ 4.34831895 11.79482131 -0.61176471]
[ 4.35329734 12.16927908 -0.58823529]
[ 2.70547414 10.02540139  0.04705882]
[-3.57512094 11.64587784 -1.78823529]
[-3.2462448  11.37808047 -0.4       ]
[-2.57173284 12.47000599  0.75294118]
[-2.27088412 11.7785468   0.18823529]
[-2.27670997 12.12052075  0.11764706]
[-2.25123689 10.72694479 -1.29411765]
[-1.84826569 10.57540429 -0.09411765]
[-1.50291672 11.99820037  0.30588235]
[-1.37529552 11.92455185 -0.25882353]
[ 0.77760324 11.31976366 -2.        ]
[-1.17247145 11.04727049 -1.22352941]
[-0.79667449  9.62215579  0.47058824]
[-0.62137485 11.99483121  0.25882353]
[-0.52611433  9.87167035 -1.97647059]
[-0.34901626 11.6001621   0.07058824]
[-0.11923463  4.24657731 -2.09411765]
[ 0.05220073 12.44431503 -0.77647059]
[ 0.52336878  2.66904831 -1.90588235]
[ 0.58092646 11.49570685 -0.37647059]
[-1.32457924 11.15303523 -1.62352941]
