[ 0.76258664  3.04482297 -1.10531478]
[ 3.14317676  3.37624518 -1.28730159]
[ 3.17082775  2.65732439 -1.67966167]
[ 2.19875848 -6.46733725 -1.63719165]
[12.11559572  1.10943587 -2.09411765]
[12.09393479  8.51471196 -2.11294118]
[12.41836583 12.2310557  -2.0627451 ]
[12.2108468   3.98423425 -2.14901961]
[12.41331096  7.84767303 -2.11764706]
[12.33819182  0.07148032 -2.04705882]
[12.25333626 -2.9223706  -2.14117647]
[11.40836912  9.55788957 -2.11764706]
[11.14850153 10.2726868  -2.16470588]
[-0.91249516  2.83870531 -2.11764706]
[ 9.10125191 12.18982627 -2.16470588]
[ 2.10263488  3.7897615  -1.77647059]
[12.37284081 -0.39897412 -2.16470588]
[ 1.22862644  3.22957757 -2.04705882]
[12.34611499 -4.7701115  -2.18823529]
[ 1.22094425  4.07731932 -1.45882353]
[12.27649526  3.05351782 -2.09411765]
[12.20075216  5.24689389 -2.18823529]
[ 1.90222809  4.06935749 -1.17647059]
[12.02104724  9.19545801 -2.14117647]
[ 9.75208277 11.71984631 -2.14117647]
[11.62936799  9.23038517 -2.09411765]
[10.42300384  7.52862508 -2.09411765]
[11.22791425  6.11978716 -2.09411765]
[11.21918746 -1.65113193 -2.04705882]
[10.42732263 10.79486274 -2.18823529]
[12.42316687 -1.27071266 -2.09411765]
