[ 0.73698513  3.07419316 -1.11203639]
[ 3.13521635  3.1626207  -1.45185582]
[ 6.15808829 -4.85455823 -1.51280277]
[ -0.41549647 -12.13682845  -1.73529412]
[ 2.03568444  3.78412904 -1.74117647]
[12.2244486   9.05567396 -2.16470588]
[11.77892781  8.9450456  -2.11764706]
[11.50025335 10.35445084 -2.16470588]
[11.39920965  6.99847726 -2.18823529]
[11.32843698 -0.37783793 -2.16470588]
[11.20117506  1.80267623 -2.07058824]
[ 9.58055206 10.04999351 -2.07058824]
[ 2.22049679  3.35283533 -2.04705882]
[ 2.19574184 -6.80282516 -1.05882353]
[ 1.95077959 -6.47185642 -1.2       ]
[-0.95159803  2.89594636 -2.09411765]
[11.99466714  9.59870359 -2.16470588]
