[ 0.74583389  3.08434064 -1.13731888]
[ 3.09095066  3.43845228 -1.30333333]
[ 3.16366097  2.73241189 -1.68024133]
[ 0.71536756 -6.32654937 -1.62533937]
[11.69374997  9.4258485  -2.13529412]
[12.04602945  2.98901527 -2.14705882]
[11.54923611  5.3804402  -2.12352941]
[ 5.91631298  2.50862726 -0.91764706]
[ 5.71282905  3.24539937 -0.82352941]
[ 1.99714128  3.75008777 -1.87058824]
[11.83878361  3.99045415 -2.15294118]
[11.71580843  4.31457771 -2.11764706]
[11.60080506  4.8500894  -2.15294118]
[12.32724611  7.9986591  -2.11764706]
[12.32849093  1.57614661 -2.09411765]
[12.25549666 -0.2768472  -2.11764706]
[12.11942437 -4.40130448 -2.14117647]
[12.42505265  7.57055938 -2.16470588]
[11.39770719  5.85461534 -2.09411765]
[11.19606906  6.45067835 -2.16470588]
[10.92350426  5.94679697 -2.14117647]
[10.8212547  -3.4443027  -2.16470588]
[10.79877841  6.55064877 -2.11764706]
[10.77421802  3.24635573 -2.16470588]
[10.52199555  7.25287817 -2.16470588]
[10.00337434 11.72924402 -2.09411765]
[ 9.648299    5.7786595  -2.09411765]
[ 2.21957573  2.94495617 -1.92941176]
[ 1.87960939  4.12456084 -1.22352941]
[12.34913115  2.03001947 -2.09411765]
