[ 0.75648732  3.09243773 -1.02929752]
[ 3.20124814  3.31318578 -1.30578592]
[ 3.20862353  2.59803122 -1.68909804]
[-7.8119423  -4.30170092 -1.82823529]
[-9.76133151 -8.69745081 -1.94117647]
[12.12600235  8.52327106 -2.10980392]
[ 9.59772646 12.08411288 -2.16470588]
[10.54567966  9.55099385 -2.10588235]
[-6.34757924e-04  3.09812901e+00 -2.16470588e+00]
[ 1.00098844  2.87310984 -2.02352941]
[ 1.79490456  4.14867443 -1.22352941]
[ 1.95536168  4.10078836 -1.62352941]
[ 2.12835395  3.62902202 -1.85882353]
[-0.14805421  3.62944828 -2.02352941]
[-0.39486989  3.90217816 -2.04705882]
[11.55492363  9.44487476 -2.11764706]
[11.72200095  5.92572749 -2.14117647]
[11.77300105  9.02093661 -2.16470588]
[11.80193139  5.12463497 -2.11764706]
[12.35417485  3.95545951 -2.18823529]
