[ 0.90436426  3.13506686 -1.12592194]
[ 3.2527822   2.68906679 -1.64238129]
[ 9.01309551 -4.85037487 -1.43114187]
[11.88701959  8.53990916 -2.11764706]
[11.91391109  0.03097973 -2.14117647]
[11.53466274  9.47261597 -2.10352941]
[11.79173367  3.20769808 -2.12941176]
[12.33064838 -0.93146649 -2.14117647]
[12.41581425 -8.33753108 -2.09411765]
[12.32460896  0.76403195 -2.11764706]
[12.25735019 -8.85812408 -2.09411765]
[ 11.16679322 -10.33506773  -2.17647059]
[11.77389322 -4.51609596 -2.08235294]
[10.71613505  2.33486202 -2.14117647]
[10.4773821  11.25210517 -2.10588235]
[12.2979215   8.01277844 -2.10588235]
[12.20347365  2.08804335 -2.10588235]
[11.72945371  4.04937605 -2.09411765]
[11.72432129 -9.77432654 -2.14117647]
[11.60241472  8.94542759 -2.11764706]
[12.04760251 -3.52667754 -2.14117647]
[12.04792475 -3.20169811 -2.09411765]
[12.05153033 -2.38023666 -2.11764706]
[11.53084495  3.72700643 -2.14117647]
[12.12303321  3.0747558  -2.09411765]
[12.25419561  2.75587456 -2.11764706]
[12.44440246 -0.05585439 -2.09411765]
[12.11959067 -2.67559321 -2.09411765]
[-0.99999153  3.02141967 -2.04705882]
[ 1.89567408  4.09408153 -1.2       ]
[ 2.06952308  3.55233974 -1.88235294]
[ 5.85145893  2.72772983 -1.01176471]
[ 7.74575539 -2.07064533 -2.11764706]
[ 9.42433422 -2.07474204 -2.07058824]
[ 9.95160362  4.60019225 -2.16470588]
[10.14576738 -4.37394485 -2.16470588]
[10.20526662 11.72322327 -2.16470588]
[12.39725598 -0.42066271 -2.16470588]
[10.64666536  6.22655154 -2.11764706]
[10.82750754 -6.17391949 -2.07058824]
[10.92280556  6.57355898 -2.16470588]
[10.97946024  0.74471806 -2.14117647]
[11.04855503 -6.86903807 -2.09411765]
[11.17569926 10.15193241 -2.16470588]
[11.22668425 -6.04930506 -2.09411765]
[11.40055738  5.55360895 -2.16470588]
[11.4532198  -4.77733547 -2.11764706]
[11.52765845 -4.07824983 -2.09411765]
[10.63099416 -2.57941913 -2.07058824]
