[ 0.74832021  3.05518032 -1.08206788]
[ 3.11552371  3.41631889 -1.2691821 ]
[ 3.21432629  2.72823963 -1.66836601]
[-1.14517634 10.05079431 -1.55220588]
[ -3.70603287 -11.94318899  -1.98431373]
[11.32548585  9.69547148 -2.08627451]
[10.15030684 11.37548576 -2.1254902 ]
[11.74827973  9.21697708 -2.08235294]
[ 1.88697774  4.06029513 -1.23529412]
[12.18717175  8.83626435 -2.07058824]
[ 8.97300674 12.14884286 -2.16470588]
[ 9.52255903 11.64950311 -2.11764706]
[ 2.2787794   3.05573405 -0.68235294]
[10.62188025  7.35192059 -2.16470588]
[10.62160485 11.03013593 -2.09411765]
[ 0.79734084  3.05236688 -1.48235294]
[12.39917373 12.09431986 -2.09411765]
