[ 1.03612255  3.10267313 -1.04535735]
[ 3.20978764  2.70367729 -1.63678161]
[-0.94198231  2.8820333  -1.98235294]
[ 1.93607068  4.22469861 -1.50588235]
[ 1.85246427  4.10141828 -0.91764706]
[12.23318049  8.38707115 -2.11764706]
[12.04355634 -9.08409632 -2.08627451]
[11.63438548 -5.02914605 -2.15686275]
[12.29138987 -1.38566875 -2.12941176]
[12.15058958 -2.07339717 -2.11764706]
[12.10982593 -2.50238461 -2.04705882]
[11.98479114 -4.1990272  -2.11764706]
[11.70287436  4.31107867 -2.11764706]
[11.60286302  4.74046137 -2.07058824]
[11.51731388  9.72333995 -2.10588235]
[10.99020454  9.4871962  -2.09411765]
[10.93963129 -6.36199732 -2.08235294]
[12.26991594  3.00253    -2.09411765]
[ 1.22723581  3.17909101 -2.11764706]
[12.19743802 -3.30265112 -2.16470588]
[ 8.17804471  3.82254131 -2.16470588]
[ 8.89734415  4.0527986  -2.18823529]
[ 9.02225356  3.75353221 -2.11764706]
[ 9.22193683 -6.78066981 -2.16470588]
[10.14834204 -5.05571371 -2.09411765]
[10.2541005   3.5464889  -2.16470588]
[10.55245044 -7.80170631 -2.16470588]
[10.5506639  -3.5282316  -2.11764706]
[11.35569182  6.12605196 -2.04705882]
[11.25338966 10.2259305  -2.14117647]
[10.62817766 -6.82578558 -2.18823529]
[12.42573178  1.13099712 -2.14117647]
[10.04720188  4.63075659 -2.14117647]
