[-4.87605713  8.11982377 -0.73247808]
[ 1.29074734  3.08959124 -1.20592432]
[ 3.19290707 10.40879238 -0.29363417]
[-12.02749678   8.60069687  -0.7418424 ]
[ 1.79088792  9.59035328 -1.44658824]
[-10.55838202   8.73350105   0.40588235]
[ 3.11937218 11.4098385  -0.43636364]
[-1.05056623 11.44239745 -0.82091503]
[-1.65996827  9.37829692 -1.84052288]
[-1.11117494 10.34002558 -0.38431373]
[-4.65239556  9.12953696 -1.60392157]
[-3.1328762  10.02096594 -1.88235294]
[ 1.75979777 12.18533329 -0.13647059]
[ 2.37064959 12.23579568 -0.47058824]
[-11.14407925   8.89005509   0.68235294]
[-3.58634701 10.11391679  0.48235294]
[-6.05726674 10.12456152 -0.40588235]
[-3.66955414  9.78136396  0.18823529]
[-1.60659756 11.54559838 -0.37647059]
[-4.65933799  7.70311116 -1.92941176]
[-7.70849261  7.85075105 -0.02941176]
[-11.43201827   7.68245482  -0.3       ]
[ 1.01786548 12.27320797 -0.84705882]
[-7.66191538  8.7289865  -1.65294118]
[ 1.13768891 11.4090429  -1.06470588]
[-8.06849614  8.4071134  -1.84117647]
[-5.22943492  7.20550629 -1.94705882]
[-12.43084467   5.80453246  -1.8745098 ]
[-6.0261791   9.21385172 -0.35294118]
[-11.94299978   9.34220197  -1.23921569]
[-11.70908833   8.6351332    0.01568627]
[-7.76971093  7.44088823 -0.21960784]
[-2.42625896 10.46911622  0.26666667]
[-8.63851127  7.58598349 -1.90588235]
[-7.40980578  9.29095074  0.14901961]
[-7.41948747  8.20340218 -1.71764706]
[-0.9485746   2.93675381 -2.00784314]
[-5.01746821  9.45715097 -1.76470588]
[-5.24037647  9.34949802 -1.0745098 ]
[-4.54315873 10.07796326 -1.71764706]
[-5.83914139  9.91491028 -1.65882353]
[-5.9730495   9.875059   -1.23529412]
[-6.21100401  6.63981082 -1.76470588]
[-6.58860004  9.81634898  0.30588235]
[-7.2629077   9.31404242 -0.63529412]
[-6.12888511 11.32232982 -2.08235294]
[-4.83810775  9.07179046 -0.54117647]
[-4.39953674  9.11443555 -2.05882353]
[-4.21399678  9.76502599  0.23529412]
[-2.29573872 10.71446427 -1.42352941]
[-1.79937095 12.13600519 -0.31764706]
[-1.43516966  9.309862   -0.51764706]
[-0.82084659  3.77677226 -1.89411765]
[-0.68723706 10.1973616  -1.4       ]
[-0.47116952 10.97812304 -0.47058824]
[-0.28760454  9.4474893   0.67058824]
[-1.85444776e-03  1.06836821e+01 -7.76470588e-01]
[ 0.93849977 10.42114062 -0.07058824]
[ 1.4648356  10.3778646  -0.72941176]
[ 1.51347207 11.25076317  0.82352941]
[ 4.43923256 11.27287616 -0.35294118]
[-7.86273423  8.76226063  0.38823529]
[-8.55418631  8.91206658  0.37647059]
[-10.17938463   7.11407543  -1.8       ]
[-9.94732357  8.18712252 -0.45882353]
[-10.17574814   8.2625489   -1.69411765]
[-10.92483404   7.94953625  -0.16470588]
[-10.8737334    7.45332144  -0.43529412]
[-8.47821837  6.5716322  -1.70588235]
[-8.21287129  8.26078158  0.08235294]
[-12.12728445   7.04983803  -1.85882353]
[-10.71250727   6.94066232  -1.30588235]
[-7.88636607  6.47468735 -1.98823529]
[-11.23193169   8.56131629  -1.76470588]
[-10.66415798   8.31290665  -0.05882353]
[-5.31431881  9.67883689 -1.25882353]
[-11.34934148   7.54811667   0.28235294]
[-0.50270643 11.52154302 -0.82352941]
[-0.19872744 12.30072845 -0.47058824]
[-0.42842459 11.19864555  0.28235294]
[-0.4279948  11.22234813 -0.09411765]
[-0.24777156  8.4049358  -0.8       ]
[-0.27856695 11.8250454  -0.32941176]
[-0.40082083  3.60049181 -2.11764706]
[-0.37497472 10.47517354 -0.16470588]
[-0.3777322  11.50098758 -0.32941176]
[-11.54672885   9.10027451  -0.11764706]
[-0.67124053 11.37461813 -0.44705882]
[-11.20002588   5.94655377  -1.22352941]
[-11.20374602   5.99550124  -0.91764706]
[-0.97605379 11.62427718 -0.35294118]
[-11.02600832   6.47746852   0.72941176]
[-1.0005444   6.70562857 -2.07058824]
[-1.02753402 11.02139288 -1.22352941]
[-10.95378929   8.29590336  -1.88235294]
[-1.40087809 10.87977284 -0.56470588]
[-1.49957767  9.12467476 -1.2       ]
[-10.74564667   5.94495189  -2.07058824]
[-2.02383024  9.04910087 -1.27058824]
[-2.08004501  9.42154468 -1.48235294]
[-2.32819051 10.47053451 -0.21176471]
[-0.20075121 12.00033947 -1.12941176]
[-11.62838077   7.2271304   -1.6       ]
[-11.72099227   7.6256804    0.09411765]
[-11.77225153   9.03066161   0.11764706]
[-12.09735178   6.52012469  -1.27058824]
[ 1.93021922  4.0793816  -1.41176471]
[ 1.93066383 10.12301204 -1.67058824]
[ 2.02601293 10.17676407 -1.22352941]
[-10.64765257   4.9450363   -1.41176471]
[ 2.02429301 12.02308351 -0.77647059]
[ 2.0556271   3.77611597 -1.83529412]
[-12.15309745   7.7446192    0.65882353]
[ 2.57197727 10.42432074  0.11764706]
[ 3.0016551   9.76932107 -0.21176471]
[-12.35304574   6.39827309   0.65882353]
[ 4.14657255 11.42627251 -0.61176471]
[ 4.19878467  9.75335009 -0.68235294]
[ 2.02028109 10.52717248 -1.43529412]
[-0.12645907 11.34671389 -1.01176471]
[-11.55283331   7.52583186  -1.90588235]
[ 0.12396363 10.64654263 -1.81176471]
[ 0.15554712 10.35538769 -1.57647059]
[ 0.27647067 10.24432652 -0.42352941]
[ 0.3748511  12.09519652  0.04705882]
[ 0.44956913  9.92500501 -0.35294118]
[ 1.24690678 10.7040321  -2.02352941]
[ 0.54887949 12.450274   -0.25882353]
[ 0.67039897 10.47445886 -0.4       ]
[-11.5694766    9.1788526   -1.38823529]
[-11.5706592    5.37062609  -0.58823529]
[ 1.07004626 10.57566307  0.35294118]
[-11.62004725   7.76992079  -1.71764706]
[ 1.17215921  9.69695473 -0.16470588]
[ 1.2206325  11.97338973 -1.05882353]
[ 0.54423929 11.22601043  0.16470588]
[-6.75541532  8.25272534 -2.        ]
[-6.65575983  6.34804478 -2.11764706]
[-6.62507296  6.52053592 -1.85882353]
[-6.50505609  9.73032273 -0.65882353]
[-6.40109139 10.5973177  -1.10588235]
[-8.74619147  8.49778226  0.54117647]
[-8.97537637  8.07481287 -0.8       ]
[-12.5000357    5.89998057  -1.24705882]
[-9.12679513  8.87856296 -0.09411765]
[-6.09577147  9.70218743 -0.32941176]
[-6.0462995   9.72948157 -0.72941176]
[-9.32019785  8.94622631 -0.44705882]
[-9.45496017  9.14424785 -0.14117647]
[-5.85234854  8.41928867  0.58823529]
[-5.62426865  9.72123093 -0.25882353]
[-5.63001232 10.01938673 -0.49411765]
[-9.0279749   8.62934371 -1.41176471]
[-7.89551021  9.07174901 -0.87058824]
[-7.9730092   8.35115821 -1.17647059]
[-8.14635777  8.4690558   0.32941176]
[-7.63071912  6.14962589 -0.87058824]
[-7.62651996  8.42704064  0.04705882]
[-7.57804555  9.74789392 -1.45882353]
[-7.52535747  9.50440201 -1.71764706]
[-6.94957667  8.43040971 -1.81176471]
[-7.4260762   8.12265051 -0.98823529]
[-8.54817264  8.27252889  0.42352941]
[-7.2297083   7.95445531 -1.64705882]
[-7.20569246  8.59859828 -1.76470588]
[-7.19794871  8.64671606 -0.54117647]
[-7.14745487  9.74565336 -0.96470588]
[-7.02808175  7.7034616  -1.81176471]
[-6.9794445   6.87755755  0.32941176]
[-7.45301207  8.68004822 -0.21176471]
[-4.19803612  8.80156403 -0.8       ]
[-4.17133131 10.17600693  0.18823529]
[-4.1201739   9.39684338 -0.4       ]
[-4.0213038   9.37781084 -0.04705882]
[-3.72272209  8.77592187 -1.08235294]
[-10.32787139   8.22028066   0.21176471]
[-3.44656894 10.0447011  -1.45882353]
[-9.65045748  7.45045171 -1.41176471]
[-3.10565921  9.42615766 -1.45882353]
[-3.07523157 12.00357607 -0.23529412]
[-2.99621601  9.11997441 -1.83529412]
[-2.95325915 10.17783012  0.18823529]
[-2.67252127 10.87080493  0.11764706]
[-2.52408487  9.97701173  0.11764706]
[-10.57445039   7.12496848  -1.64705882]
[-2.34960696 10.00591588 -0.49411765]
[-10.43081538   8.89710539   0.        ]
[-5.32080948  9.32743699 -0.28235294]
[ 5.47100133 -3.32323822 -1.17647059]
[-9.76962962  6.7801704  -1.03529412]
[-5.2990246   7.52029455 -0.56470588]
[-5.29699863  7.64462613 -1.95294118]
[-9.79890823  7.05485744 -1.95294118]
[-4.99551425  7.42575056 -0.70588235]
[-4.27838935  9.57822752 -1.57647059]
[-9.7971334   5.34885558 -1.76470588]
[-9.87296109  8.75529206  0.04705882]
[-4.82939605  6.59669093 -1.90588235]
[-10.02727821   8.07080641   0.32941176]
[-4.42147595  7.42016634 -0.04705882]
[-10.04907788   6.81969747  -2.        ]
[-4.37202731  8.95204809  0.54117647]
[-4.27396155  8.99562449 -1.27058824]
[-4.97972581  6.92113969 -2.02352941]
