[ 1.09775793  3.10535567 -1.09685117]
[ 3.21676334  2.73013828 -1.59876161]
[ 9.03864505  6.89323754 -1.42079832]
[12.04735131 11.77977134 -2.06588235]
[ 9.98377296 11.02131959 -2.0745098 ]
[12.23203854  7.15937577 -2.09882353]
[11.90868191  2.5077858  -2.1254902 ]
[ 8.96507646 12.10084231 -2.10980392]
[11.27524251  9.13854522 -2.11764706]
[12.39925704 12.33465017 -2.0627451 ]
[11.88834645  8.46700749 -2.11764706]
[11.03717732 -1.59836335 -2.16470588]
[10.90162918  9.58729386 -2.10588235]
[12.13579668  0.48194095 -2.07058824]
[12.32524522  0.89703265 -2.14117647]
[10.35099993  2.71055578 -2.08235294]
[-4.41036317 -4.1134374  -1.50588235]
[11.7357183   9.78777579 -2.14117647]
[12.37407587  3.22727722 -2.11764706]
[12.37628012  7.92807746 -2.07058824]
[11.98039036  2.97353714 -2.07058824]
[12.39519175 -0.62097318 -2.16470588]
[12.42863473 -4.17835224 -2.16470588]
[12.42297233 -0.24786159 -2.11764706]
[11.77982931  4.77052723 -2.07058824]
[ 11.54687355 -11.05583342  -2.18823529]
[10.99747839  0.37687424 -2.14117647]
[10.85028929  6.4527128  -2.07058824]
[10.61928684  2.25269492 -2.11764706]
[10.42142785  7.1487928  -2.16470588]
[10.07864069 11.40092496 -2.16470588]
[ 9.94886958  7.59767395 -2.18823529]
[ 9.31924381 11.42966838 -2.16470588]
[ 9.273309   11.79750261 -2.16470588]
[ 4.27707274 -0.42656261 -0.70588235]
[ 1.85279137  4.12086125 -1.2       ]
[12.42666546 -2.0501532  -2.11764706]
