[ 0.73788469  3.0912073  -1.11518439]
[ 3.1861563   3.43049025 -1.30545525]
[ 3.16377736  2.73115258 -1.65960784]
[-1.88843784 -6.36410483 -1.67145969]
[ 6.02514708  2.82077051 -0.90588235]
[ 1.91363841  4.13573531 -1.44705882]
[ 3.02512675  2.83907026 -0.91764706]
[ 5.74087582  2.26517062 -0.88235294]
[12.02088133  8.94602456 -2.15294118]
[12.22659344  3.54902946 -2.09411765]
[12.00552144  4.73040924 -2.07058824]
[11.15180552 10.60368931 -2.14117647]
[11.14651374  2.32811762 -2.11764706]
[10.72554052  2.42394859 -2.11764706]
[10.39439364  8.194068   -2.16470588]
[ 5.95193531  3.45344919 -0.94117647]
[12.35357202  8.40058126 -2.14117647]
[ 5.74776235  3.2022421  -1.2       ]
[ 5.54415847  3.50534379 -1.03529412]
[ 2.10346062  3.14579753 -1.92941176]
[ 8.92728151  7.39699308 -2.11764706]
