[ 1.1582114   3.06286773 -1.1472544 ]
[11.94600383 11.88425626 -2.07272727]
[10.70519027  9.663011   -2.08627451]
[ 9.54822941 11.2465267  -2.10084034]
[ 1.90815231  4.15945281 -1.34117647]
[12.14187892  2.54822015 -2.07843137]
[11.43479124  9.05178503 -2.10980392]
[ 8.83580637 11.85460316 -2.10980392]
[10.64453082  6.96691416 -2.14901961]
[ 2.01185405  3.76255817 -1.77647059]
[12.20146143  8.41423602 -2.12941176]
[ 9.69438198  8.5247729  -2.11764706]
[ 9.62745045  2.22478055 -2.16470588]
[12.44949911  7.44992276 -2.07058824]
[10.99627638  6.60269963 -2.14117647]
[11.2282966   6.34862949 -2.11764706]
[ 3.2527653   3.5199569  -2.04705882]
[11.63056879  0.42921116 -2.11764706]
[11.91947837  8.77558646 -2.07058824]
[11.95348547  4.5451581  -2.11764706]
