[-9.44845323  4.38046039 -0.79177447]
[ 1.14491886  3.06911579 -1.18520399]
[-12.29753503  -1.92707534  -1.16152249]
[-12.06698958   4.80858883  -0.95294118]
[-11.27898145   4.14657592  -1.16408669]
[-12.21372284   2.60597061  -0.39738562]
[-6.73575923  8.72941915 -1.85359477]
[-5.72819731  7.29485576 -1.58062284]
[-10.77952544   3.81127929  -1.20641711]
[-11.52260882   5.93263377  -0.65882353]
[-10.92859415   5.44463519  -0.19346405]
[-11.99994077   0.40851231  -1.85588235]
[-9.78422632  9.66903603 -1.50588235]
[-10.2560977    8.19260601  -1.36941176]
[-8.87788753  8.62448682 -1.38352941]
[-11.01193903   3.3805054   -1.84      ]
[-11.59024484   3.81647503  -1.91058824]
[-6.66075555  9.46985356 -1.14352941]
[-9.37958777  9.56273629 -1.49176471]
[-9.33081281  8.71795465 -1.56235294]
[-10.5794137    3.07833661  -1.87764706]
[-10.28779315   9.72569257  -1.34117647]
[-10.66445028   5.07429701  -0.15882353]
[-11.02702118   7.99841565  -0.98823529]
[-11.31762012   4.31211062   0.22941176]
[-11.06849407   7.81763697  -0.20588235]
[-11.97303951  -0.68341301  -0.8       ]
[-10.14781883   8.03201962  -1.90588235]
[-9.71636745  7.84250593 -1.49803922]
[-11.41509993   0.52331509  -1.78039216]
[-12.3750978    2.70695782  -1.49803922]
[-6.81850428  8.06248916 -1.89019608]
[-7.03306724  9.57297789 -1.6       ]
[-11.43601674   1.67596907  -1.25882353]
[-11.41147556   4.56315702  -1.32941176]
[-11.39922975   8.37722541  -1.89411765]
[-11.33655539   8.53409263  -0.10588235]
[-6.28870061  8.79619302 -1.29411765]
[-6.86833852  9.17627165 -0.44705882]
[-7.4393755   8.69652733 -0.44705882]
[-7.7015674   9.11339001 -0.95294118]
[-10.91579311   4.93801099  -1.68235294]
[-7.93942611  8.52483167 -1.25882353]
[-8.31252616  9.36160038 -1.38823529]
[-8.48066875  6.52313959 -1.97647059]
[-10.66495789   7.83472189  -0.27058824]
[-9.11203299 10.3214748  -1.61176471]
[-10.52614159   4.93495716  -0.64705882]
[-9.17798735  9.20128792 -2.10588235]
[-9.33657252  6.90126348 -1.51764706]
[-10.20851376   6.20059161  -1.43529412]
[-9.39110193  7.48737515 -1.70588235]
[-9.7120014   9.25110525 -0.92941176]
[-10.13996465  10.73643733  -1.38823529]
[-11.48730417   2.64685789  -0.14117647]
[-11.83560591   1.08998787  -0.65882353]
[-0.93794383  2.93714489 -2.08235294]
[-11.54890758  -1.13680344   0.71764706]
[-12.38749855   1.88771509  -0.11764706]
[-11.49418661   8.20854626  -1.37647059]
[-12.00944789   6.72524619  -1.05882353]
[-11.99685446   1.00829156   0.51764706]
[-12.38778046   6.32579509  -0.97647059]
[-12.2646417   -1.45004357   0.37647059]
[-11.66513502   7.74968881  -0.58823529]
[-9.3227224   2.96935781 -0.04705882]
[-9.22497978  9.67938544 -1.78823529]
[-12.12477783   1.74815531  -1.92941176]
[-12.17521978   8.49553035  -0.37647059]
[-9.12174587  7.62826643 -1.78823529]
[-12.20549223   1.29495349  -1.74117647]
[-8.92689412  9.97546156 -1.85882353]
[-8.90350728  9.273488   -1.15294118]
[-9.24533732  3.2997046   0.75294118]
[-12.12847832   3.94537763  -2.        ]
[-12.12577964   4.27191224  -0.56470588]
[-12.07542428   3.37519189  -0.94117647]
[-8.80197777  8.9032835  -0.94117647]
[-9.64743042  3.32983982  0.63529412]
[-9.72682966  7.07054032 -1.78823529]
[-9.74985488 10.74426521 -1.34117647]
[-12.05353579   8.24846605  -0.61176471]
[-9.80146438  5.95072712 -2.02352941]
[-9.82038353  8.35041975 -1.15294118]
[-9.62859321  6.25588465 -1.52941176]
[-12.49600465  -0.74457058   0.58823529]
[-12.49926431  -0.02824094   0.87058824]
[-12.47172308   1.22186241  -0.42352941]
[-6.65543293  6.27360165 -1.71764706]
[-12.47952089   3.72059075  -1.38823529]
[-12.47923893   8.2281075   -1.17647059]
[-12.4029599    7.12334554  -1.62352941]
[-7.6983973   9.50036841 -1.31764706]
[-12.39713417   9.37139658  -0.56470588]
[-7.72165231  6.62252467 -0.07058824]
[-7.77703511  8.90492573 -2.16470588]
[-8.62556848  9.05401397 -1.55294118]
[-12.34629155  -1.56924227  -0.44705882]
[-7.97092099  4.62232963 -0.47058824]
[-8.32044689  8.80429176 -1.41176471]
[-12.35495492   2.02142896  -0.91764706]
[-8.37467535  8.31955629 -1.64705882]
[-8.40197023  4.18026305 -1.05882353]
[-8.5015268   7.70478803 -1.62352941]
[-8.6037858   9.60182358 -1.36470588]
[-12.29779018  -0.7250525   -0.91764706]
[-12.02327519   6.37280413  -0.77647059]
[-8.64408049  9.94475942 -1.48235294]
[-8.72126058  8.0943747  -1.64705882]
[-7.82289204  7.54778169 -0.47058824]
[-11.00567534   3.9945213   -0.65882353]
[-11.02979035   8.92218374  -1.76470588]
[-11.02622485   8.12524451  -0.61176471]
[-11.75042091   3.74722406  -1.43529412]
[-11.75132424   6.37840084  -1.05882353]
[-11.12062293   7.55117851  -0.63529412]
[-11.15331369   6.0504927   -0.91764706]
[-11.72972444   1.85408102  -0.91764706]
[-11.17105925   4.87098139  -1.24705882]
[-11.17623066   4.60443749  -1.92941176]
[-11.19943958   4.70478424  -0.23529412]
[-10.02613901   6.42902525  -1.81176471]
[-11.70562334   7.10132521  -1.27058824]
[-11.29755658   0.72201866  -1.2       ]
[-11.64637085   1.87633321  -1.90588235]
[-11.35387892   3.43046605  -1.62352941]
[-11.39687598   3.34782958  -0.35294118]
[-11.39977104   2.1194063   -0.47058824]
[-11.60241462   5.70266584  -1.22352941]
[-11.41978937  -1.75399938   0.16470588]
[-11.48059126   1.10477573  -1.27058824]
[-11.55552831   8.5003972   -0.91764706]
[-11.52380683   1.84608514  -0.68235294]
[-11.20295201   0.12116809  -1.74117647]
[-12.00542369  -0.04403925  -1.08235294]
[-9.94938694  9.99986393 -1.08235294]
[-10.09885982   4.74491707  -1.95294118]
[-10.12459871   8.82554045  -1.92941176]
[-10.19571446   9.29790631  -0.98823529]
[-11.99429475   7.34521755  -1.12941176]
[-11.96904633   7.67856646  -0.56470588]
[-10.27264162  10.96903918  -1.10588235]
[-11.92748422   7.0059228   -0.70588235]
[-10.34587917   7.5454886   -0.18823529]
[-11.9039768    3.52935202  -1.22352941]
[-11.77186825  -1.64826354  -0.4       ]
[-10.51948298   2.30446095  -2.        ]
[-10.55450956   8.27610578  -0.96470588]
[-10.5791572    9.69586978  -0.98823529]
[-11.87936945   5.49403958  -1.62352941]
[-10.65481271   4.74712011  -1.69411765]
[-11.87749676   7.96926066   0.07058824]
[-10.74953852   8.04988414  -1.83529412]
[-10.75390303   4.66978466  -1.01176471]
[-11.85531112   7.26982034  -0.32941176]
[-10.90461862   5.57066307  -1.45882353]
[-11.795046     0.3445033   -1.48235294]
[-10.91997303   6.66916958  -1.31764706]
[-10.45515769   3.09517537  -1.24705882]
