[ 1.05258588  3.09604119 -1.11311382]
[ 9.95897131 -1.04098263 -1.98875433]
[11.28654681 -1.31822141 -1.93017222]
[ 8.92684862 -2.09196005 -1.99426269]
[ 8.17583217 -1.29945598 -2.02761668]
[ 3.17968846  2.67634575 -1.62364647]
[11.69927419 -7.01095382 -1.86675787]
[  8.56216691 -10.29094893  -2.04676834]
[10.79186399  7.82774458 -2.05067873]
[11.99972999 10.49740686 -2.02701525]
[ 8.93701721  3.98649476 -2.06530612]
[11.00094199 -9.99557593 -1.9370725 ]
[ 10.0655791  -11.88910032  -2.00705882]
[ 7.73190502 -1.51432241 -2.01428571]
[ 7.6736662   4.80539441 -2.09150327]
[ 7.29133922 -9.43749832 -2.06920415]
[ 6.76195038 -4.57921425 -2.05411765]
[ 7.82944099  1.14461161 -2.04705882]
[ 7.89792956  0.19989384 -2.02352941]
[ 5.62423491 -7.17243956 -2.09019608]
[ 6.13091421 -6.6248662  -2.07529412]
[ 7.27593358 -0.88046799 -2.08823529]
[ 7.14867187 -3.54045278 -2.03137255]
[ 7.69235335  2.05201449 -2.        ]
[11.30869494  0.28145057 -1.8745098 ]
[ 6.7628005  -0.85161232 -2.03137255]
[ 5.37575754 -6.34825248 -2.14901961]
[ 6.59950232 -1.7417767  -1.96470588]
[ 1.83297871  4.08420449 -1.08235294]
[ 1.93246687  4.18655516 -1.51764706]
[10.15015038  9.56530486 -2.12941176]
[ 7.47751487  2.90414224 -2.07058824]
[ 6.2926329  -2.61349691 -2.04705882]
[ 3.38965046  3.53704998 -1.94117647]
[ 6.01493878 -5.55366181 -2.04705882]
[ 9.12119068  7.68800263 -2.08235294]
[ 8.44993622  6.22498023 -2.04705882]
[ 5.02320282 -6.71171371 -2.09411765]
[  5.47281064 -11.47340171  -2.04705882]
[ 5.37023373 -4.56923884 -2.09411765]
[ 5.25150908 -2.80576195 -2.02352941]
[ 8.1728946   6.34972657 -2.14117647]
[ 3.3766085   3.79499531 -1.71764706]
[ 9.19706764  4.20559471 -2.09411765]
[ 9.52882204 11.32655563 -2.11764706]
[ 2.00259424  3.48094446 -1.76470588]
[ 7.74841934 -8.4304506  -2.11764706]
[ 6.52380657 -6.4460252  -2.09411765]
[ 6.44816049 -8.35261955 -2.04705882]
[ 6.64617108  5.426973   -2.04705882]
[  6.67852787 -10.4691106   -2.07058824]
[ 6.34859884 -4.04869701 -2.04705882]
[ 6.32234036  1.05340679 -2.02352941]
[ 6.84726174 -3.24649842 -2.07058824]
[ 6.9977217  -2.34733529 -1.92941176]
[-12.47321283   3.62634781  -2.04705882]
[ 6.19674485 -4.35534846 -2.16470588]
[ 6.16910986 -6.17472009 -2.07058824]
[ 7.17492047  6.1951687  -2.14117647]
[ 7.27577162  1.75488197 -2.07058824]
[ 7.32955391 -2.80059861 -2.07058824]
[ 6.14602979 -2.07077758 -2.02352941]
[ 7.32025915  4.02374321 -2.11764706]
[ 7.57824248 -0.22548558 -2.07058824]
[ 7.07690992 -1.70225652 -2.04705882]
