[-5.12207851  7.64595911 -0.80263233]
[ 1.14471359  3.12562166 -1.20835614]
[-11.34318619   6.8883103    0.35916955]
[ 1.7391671   9.6941276  -1.74509804]
[-9.57309715  7.27158122 -1.72192513]
[-1.09154877 11.65462309 -0.83764706]
[-9.19821616  8.16670977 -1.71092437]
[-4.92387276  9.68140176 -0.34621849]
[-3.02833301  8.98075934 -1.80504202]
[ 1.96219775 10.26307589 -1.30980392]
[-10.13579851   5.98439988  -1.8       ]
[ 2.0840506  10.69131067 -0.74352941]
[-8.63357484  8.27739644  0.41411765]
[-10.27193931   7.42254744   0.14117647]
[-8.35500078  8.41956271  0.03529412]
[-6.06345971  6.65209183 -1.93529412]
[-4.13152295  8.83274961 -1.29411765]
[-11.89482107   4.22608827   0.63529412]
[-12.37374379   5.52347053  -1.14117647]
[-9.31729528  8.07666775  0.28823529]
[-0.81223644 10.38693791 -1.28823529]
[-9.53585769  6.55330595 -1.9372549 ]
[-9.11175517  7.21075934 -0.51764706]
[-12.29630978   5.71788244  -0.40784314]
[-11.16895699   6.25066136  -1.79607843]
[-5.22376518  9.00828828  0.0627451 ]
[-4.71033757 10.255539   -0.41568627]
[-0.95093002  2.87473064 -2.05490196]
[-6.41176952  8.23837169 -0.47058824]
[-1.33880602  9.93052968 -0.30588235]
[ 2.06406869  3.46236939 -1.82352941]
[-2.22474109  9.7232444  -0.04705882]
[-8.77739919  7.22336776 -1.98823529]
[ 1.96094994  4.25358919 -1.49411765]
[ 1.75959195 10.64835636  0.15294118]
[-8.13260537  7.80022098  0.42352941]
[-8.18816069  8.98326219 -1.83529412]
[-7.88928781  8.51071232  0.48235294]
[-7.74094163  6.11329034  0.35294118]
[ 0.87801355 11.77774338 -0.50588235]
[-7.7361227   8.54915991 -1.2       ]
[-7.16300793  8.48680733 -1.76470588]
[-1.20388108 12.36171388 -1.2       ]
[-6.73821583  8.07573762 -1.48235294]
[-3.71123173  9.63485168  0.22352941]
[-6.21217882  8.42551158 -1.30588235]
[-6.18441358  9.12785043 -1.65882353]
[-6.05995153  7.40050066 -1.63529412]
[-4.58753201 10.9361737  -0.42352941]
[-6.06358813  9.47239294  0.22352941]
[-5.35053356  9.13502501 -0.35294118]
[-5.10106499  9.18739704 -2.08235294]
[ 0.75407316 11.92975594 -1.15294118]
[-11.94605763   3.6610901    0.85882353]
[-11.98853776   4.76567446   0.47058824]
[-11.85877664   3.30985029  -1.27058824]
[-12.11262502   6.57531745  -1.38823529]
[-9.90892808  6.4595328  -0.10588235]
[-11.81444398   7.52506591   0.22352941]
[-9.93567655  5.12087177 -1.48235294]
[-9.82685045  6.95107833 -2.08235294]
[-11.40162364   5.56143979  -1.95294118]
[-12.38659436   6.37875396  -1.8       ]
[-9.57512136  8.21713395 -1.23529412]
[-12.473409     6.42533045  -1.22352941]
[-6.28899342  6.61411809  0.54117647]
[-12.43523129   6.23805357  -0.16470588]
[-11.80010835   5.57507889  -1.89411765]
[-3.27386418 11.37744176  0.21176471]
[-3.15080457  8.75442173 -0.61176471]
[-3.1198084   9.53025666  0.47058824]
[-4.84693402  9.97480055 -1.81176471]
[-4.94730021 11.59872889 -0.42352941]
[-2.89404667  8.75251484 -0.96470588]
[-1.99882991  8.42238853 -0.63529412]
[-2.3775304  10.45598562 -0.18823529]
[-2.32254633 10.29544624 -1.36470588]
[-2.322269   10.99539318 -1.38823529]
[-11.92000335   3.6019368    0.49411765]
[-2.22800491 10.31997579  0.18823529]
[-2.0802808  10.30428677 -1.81176471]
[-3.25213036 10.05192941 -0.30588235]
[-3.34497521  8.87759247 -1.10588235]
[-3.59959202  8.42576049 -1.29411765]
[-3.92460777  9.54481983 -0.47058824]
[-3.94576464 11.9512002  -0.30588235]
[-4.82573243  9.77839146  0.37647059]
[-11.82123524   5.49411254   0.        ]
[-4.2804877   8.37432021 -0.96470588]
[-4.30207204  9.57251046 -0.37647059]
[-4.32732835  9.52399162 -1.34117647]
[-4.75590011  7.9710462  -0.91764706]
[-4.34516035  9.77767313  0.09411765]
[-4.39879274 10.50083176 -0.51764706]
[-4.47623982  8.0529225  -0.70588235]
[-11.82800707   5.94909225  -2.11764706]
[-4.82700649  9.75432661 -1.31764706]
[ 2.09683328 10.89970363 -1.6       ]
[-12.49818258   4.85340723   1.12941176]
[-12.49864673   5.87364709  -0.04705882]
[-12.49553165   6.84919295   0.84705882]
[-12.47838082   5.30396786   1.01176471]
[ 1.44927343 10.74592004 -1.08235294]
[ 1.22631948 11.12577479 -1.88235294]
[ 0.97988801 11.1456235  -0.21176471]
[ 0.92848177 12.29972157 -1.50588235]
[-12.42665782   5.82259227   0.42352941]
[ 0.42136259 11.19645722 -2.11764706]
[ 0.24569351 11.15500033 -1.55294118]
[ 0.22256575 11.4019027  -0.61176471]
[-0.0245256  12.05498458 -1.78823529]
[-0.09717959  9.9246476   0.58823529]
[-4.92883557  9.59448692  0.09411765]
[-2.00153256 12.14843759 -0.96470588]
[-1.97666122  7.83092615 -0.58823529]
[-1.92280004 11.15023661 -0.49411765]
[-1.87377162 10.34523239 -1.38823529]
[-1.82948928 11.32549051 -0.94117647]
[-1.64819032  9.30467852 -0.56470588]
[-1.24603617  9.84973057 -0.65882353]
[-0.27830156 11.67739806 -1.01176471]
[-1.14803751 11.48044576 -0.09411765]
[-1.00175427 11.65425564 -1.36470588]
[-12.25224312   4.4452565    0.75294118]
[-0.92626792 10.42603572 -0.44705882]
[-12.27132379   7.22672834  -0.42352941]
[-12.32089383   4.87576587   0.82352941]
[-0.6725987  11.19469336 -1.15294118]
[-0.27222157 10.54784416 -0.16470588]
[-1.2012894   9.33015747  0.91764706]
[-9.94498074  5.27704585 -2.11764706]
[-8.17567216  8.39558047 -0.32941176]
[-8.09667764  8.92675796 -1.08235294]
[-8.00031501  8.75518004 -0.37647059]
[-10.00571631   7.82258854  -0.18823529]
[-7.80135955  5.02104151 -2.16470588]
[-7.79843358  5.97847338 -2.02352941]
[-7.77399347  8.82640678 -1.36470588]
[ 2.2219201  10.05318567 -0.54117647]
[-7.62644323  5.47427244 -1.92941176]
[-7.52278036  8.52897105 -0.44705882]
[-7.32119273  7.35373296  0.44705882]
[-10.47499983   8.0533008   -0.8       ]
[-7.20320243  8.87654922  0.14117647]
[-7.17766714  8.04966049 -1.78823529]
[-7.00411613  7.94992932 -2.04705882]
[-6.89590484  8.89468702 -0.4       ]
[-10.10246893   7.79914896  -0.65882353]
[-9.39729345  8.40385357 -0.72941176]
[-9.6766954   6.69594489  0.04705882]
[-9.27606181  7.30126933 -0.09411765]
[-9.24541587  6.32863753 -1.01176471]
[-9.69956354  5.82367619 -2.04705882]
[-9.22953504  8.07417014 -1.08235294]
[-9.1724996   7.04776187 -1.41176471]
[-9.15236849  7.67030447  0.18823529]
[-8.45442544  8.58062129 -1.45882353]
[-8.91901731  6.32458914 -1.05882353]
[-8.89857243  5.00245425 -1.31764706]
[-8.82953791  8.89654057 -0.14117647]
[-9.82353101  6.83083471 -0.25882353]
[-9.82301777  6.34589379 -1.97647059]
[-8.63066265  7.54419219 -2.11764706]
[-8.60340763  8.32940914 -0.54117647]
[-8.49429602  8.54597632 -0.77647059]
[-9.05562616  8.07036951 -1.41176471]
[-5.84742557  8.65543327 -1.41176471]
[-5.72169491  9.70103206  0.23529412]
[-5.62952788  5.99589325 -1.2       ]
[-5.4497505   8.38084957 -0.44705882]
[-5.3956979   8.64809718 -1.12941176]
[-5.40282318  9.46935986 -0.23529412]
[-5.37412947  9.00263323 -1.78823529]
[-5.35581341  9.62705287 -1.78823529]
[-6.87252559  5.85370171 -2.04705882]
[-5.19517811  8.67757312 -1.52941176]
[-11.46906635   6.50446176  -1.85882353]
[-5.12482685  9.97088814 -0.58823529]
[-11.62174621   5.32275644  -0.16470588]
[-5.07082195  9.39545419 -1.81176471]
[-5.07238638 10.56936948 -0.54117647]
[-5.05148913  8.85075046 -0.96470588]
[-4.97397333  8.19969603 -0.77647059]
[-11.42504211   7.54747502   0.18823529]
[-6.7732815   6.47073761 -2.02352941]
[-10.60234786   5.67205256   0.70588235]
[-6.62530628  7.52375615  0.70588235]
[-6.59464956  6.35363149  0.11764706]
[-6.578504    9.02682399 -1.6       ]
[-6.54926329  8.47459024 -1.52941176]
[-10.70344646   6.45181521  -1.15294118]
[ 3.72528982  2.88013748 -2.11764706]
[-5.85062101  7.94990091 -0.49411765]
[-10.87887166   6.79738512   0.8       ]
[-6.22449746  8.34582834 -1.92941176]
[-10.87384541   5.150837    -2.07058824]
[-11.24678314   7.95491847   0.25882353]
[-11.26956483   5.72225121   1.01176471]
[-11.37965026   5.95106644  -0.56470588]
[-5.89789077  7.15189844 -1.43529412]
[-5.87068268  9.02503298 -0.61176471]
[-6.27090211  5.69934473 -2.07058824]
