[ 0.99938379  3.07009059 -1.11745932]
[ 3.21063348  2.69636464 -1.64235294]
[12.17012581 11.95773859 -2.08403361]
[ 9.24568353 11.82056632 -2.14705882]
[-4.59809193 -4.23472913 -1.44705882]
[ 1.22817484  3.02769308 -2.02352941]
[ 1.89795334  4.07541945 -1.17647059]
[ 2.00991978  4.17598804 -1.63529412]
[11.26161648 10.02562607 -2.14117647]
[ 9.75951455 11.30351669 -2.14117647]
[12.37167532  8.55520913 -2.16470588]
[11.82672941  4.94694222 -2.18823529]
[11.42656365  9.37289028 -2.11764706]
[10.64744466  7.99671497 -2.11764706]
[12.42662394  2.19711451 -2.14117647]
[ 2.42924559  3.00153478 -1.03529412]
[ 1.25405917  4.0718629  -1.43529412]
[ 0.49952432  2.69636215 -1.90588235]
[ 0.14540034 -6.52619345 -1.31764706]
[-5.12657968 -3.45304434 -1.67058824]
[ 2.53019531  3.1011897  -1.95294118]
