[ 0.78293157  3.05913792 -1.08652576]
[ 3.10907131  3.35748228 -1.23723946]
[ 3.22653655  2.67248982 -1.62849673]
[11.53205031  7.51878117 -2.09134948]
[ 1.59654847 -4.77595774 -1.52730465]
[11.89093168 11.661308   -2.04991087]
[ -3.5457103  -11.00980094  -1.91895425]
[11.8200206   2.24618009 -2.09705882]
[10.0647379  10.37183007 -2.13235294]
[11.95052195  0.07131077 -2.10420168]
[10.38674244  6.29677188 -2.11428571]
[ 8.7454511   6.40815524 -2.1254902 ]
[12.07413744 -0.47835577 -2.09882353]
[11.30590184  3.73080328 -2.06117647]
[12.32933556 -1.59495268 -2.07529412]
[12.11460392 -2.43075325 -2.08823529]
[10.8352393  -6.38231433 -2.11764706]
[12.09529972  0.77668774 -2.04705882]
[11.1948731   4.57844564 -2.1254902 ]
[ 9.72402092  7.46077121 -2.07058824]
[ 9.701801   11.09885315 -2.10196078]
[11.24932919  4.16963879 -2.10980392]
[10.26095494  2.56922055 -2.10980392]
[10.1531108   6.99277135 -2.10196078]
[ 8.8373051  11.7898621  -2.16470588]
[11.36465233 -4.80970031 -2.12941176]
[11.41513237  3.26272584 -2.05882353]
[11.64885052 -5.40096553 -2.11764706]
[11.76042211 -4.51459101 -2.10588235]
[ 1.88399523  4.04981084 -1.22352941]
[11.92417459 -2.96177098 -2.08235294]
[12.41558804 10.49004525 -2.05882353]
[10.85223603 -1.574185   -2.15294118]
[ 9.35079038  7.99976439 -2.12941176]
[ 9.29676893 10.95165328 -2.09411765]
[10.39000545 -8.7610368  -2.14117647]
[10.48649658  1.73935819 -2.05882353]
[ 9.11288642  5.90302237 -2.12941176]
[10.09876174  2.9888668  -2.09411765]
[10.57775841 -2.69847825 -2.11764706]
[12.11903669 -1.02226098 -2.16470588]
[ 9.35260325  5.37244494 -2.16470588]
[ 9.605224    0.92200672 -2.09411765]
[11.99754747 -3.82033153 -2.09411765]
[ 9.61984306 -5.57711885 -2.18823529]
[ 9.62716728 -0.70349019 -2.11764706]
[ 2.17472221 -6.84693594 -1.10588235]
[11.82219881 -4.09412292 -2.09411765]
[11.79817752 -3.49730805 -2.09411765]
[ 9.77704553  4.17700233 -2.07058824]
[ 9.15479845 11.57131626 -2.16470588]
[ 8.145646    1.34964443 -2.07058824]
[ 8.62077218  1.02419102 -2.18823529]
[10.04980714  3.3993852  -2.02352941]
[10.59923005 -3.47091553 -2.16470588]
[11.22309155 -6.07545799 -2.09411765]
[11.17074881  4.94997989 -2.11764706]
[ 9.01969169 11.22677837 -2.07058824]
[10.630697   -3.89639123 -2.09411765]
[10.54931248  1.05505669 -2.04705882]
[11.04714338 -0.20250477 -2.09411765]
[10.94928724  5.62628812 -2.16470588]
[10.92705757 -1.04596082 -2.16470588]
[10.90432035 -0.46902743 -2.11764706]
[10.82731313 -2.08069856 -2.16470588]
[10.75473098  0.62905461 -2.09411765]
[11.50207885 -1.0024217  -2.14117647]
