[ 1.06264877  3.10636941 -1.11160095]
[ 3.22686286  2.71667261 -1.63137255]
[-0.9398993   2.90616885 -2.01176471]
[ 1.88688221  4.0718691  -1.2       ]
[ 9.13932168 12.18841195 -2.12941176]
[ 9.83627359 11.59999073 -2.12941176]
[11.63579624  9.78714311 -2.12941176]
[12.28858037  9.13525714 -2.09411765]
[-4.08080354 -6.89421842 -0.98823529]
[-2.94612694  2.79568889 -0.89411765]
[-2.02263221  1.37100951 -0.91764706]
[ 0.64971326 -6.40021098 -1.50588235]
[ 1.22145324  3.12260679 -2.02352941]
[ 1.94577353  4.17096224 -1.55294118]
[ 9.57093809 12.00336692 -2.11764706]
[11.22792427 10.62042734 -2.16470588]
