[ 1.24090412  3.07356425 -1.11261645]
[11.73701797 11.78987237 -2.05019608]
[11.25075525  9.03743102 -2.08104575]
[ 8.93418164 11.25289666 -2.07843137]
[12.15685394  8.20222346 -2.07529412]
[ 1.96849049  4.19374977 -1.53411765]
[12.10185664  2.6757104  -2.10980392]
[11.6069979   5.5406227  -2.13333333]
[12.43169454  7.43849182 -2.00784314]
[ 1.8791859  4.1080265 -1.0745098]
[10.84174073  9.55020171 -2.11764706]
[10.65059199  6.77711472 -2.07058824]
[10.47625587  9.77654264 -2.11764706]
[10.85073558  2.98057346 -2.11764706]
[10.37322903  7.42983113 -2.14117647]
[11.02388736  6.22020687 -2.16470588]
[11.10443158 -2.86923082 -2.11764706]
[ 9.42982179  8.4238727  -2.09411765]
[ 4.47424642 -6.97526708 -0.68235294]
[ 0.47906621  2.7024279  -2.04705882]
[12.15265346  4.62987433 -2.18823529]
[12.35465276  2.9440118  -2.11764706]
