[ 0.91722454  3.1356377  -1.16457553]
[ 3.13009422  2.79662663 -1.68670232]
[12.19867702  9.2660105  -1.17460687]
[12.21540107 11.34630764 -0.20452489]
[-8.15313149  8.6674723  -2.00392157]
[12.39941499  7.09804924 -1.95630252]
[12.44255842  4.61666592 -0.53333333]
[12.33279494 10.18448531 -0.05490196]
[11.50144261  6.93055834 -2.05490196]
[12.1344998  12.28600935 -0.31372549]
[11.95047671  7.70605875 -2.08627451]
[12.4517017   8.13590366 -0.78823529]
[12.32639443 -2.11489722 -2.09411765]
[12.0843543  10.63743373  0.28235294]
[11.96028785  8.96157185 -1.91764706]
[12.45811795 10.71488192 -1.68235294]
[-0.98566239  2.95569803 -1.92941176]
[11.61307649 10.11016509 -0.81176471]
[11.6623849   9.65444411 -0.87058824]
[ 2.16168333  3.1004575  -2.01176471]
[ 1.85124646  4.15299896 -1.24705882]
[12.44594541  4.10356466 -2.04705882]
[ 1.30544637  3.72322788 -1.52941176]
[12.36990075  7.62756514 -2.04705882]
[12.34507125  8.85412352 -2.09411765]
[12.35197792 -0.99725622 -2.04705882]
[12.32069621 10.11908965  0.30588235]
[12.33021058  8.37979245 -2.07058824]
[12.2045093   8.97933395  0.75294118]
[11.19914057 10.15193247 -2.16470588]
[12.0987856  10.82061666 -0.84705882]
[12.09844332  8.62686591 -1.95294118]
[12.00320767  9.64854564 -1.71764706]
[11.92721861  7.07348811 -2.04705882]
[11.90561631  9.52211174 -2.        ]
[11.82073928  8.65301628  0.02352941]
[12.47024065  4.62733782 -1.36470588]
