[ 1.15491799  3.12248512 -1.15619707]
[11.4811096   7.97227412 -2.08833173]
[-0.73858955 -4.62395119 -1.48487395]
[11.84413814 11.9098458  -2.05647059]
[ -5.1765029  -10.47066189  -1.99215686]
[11.6894518   3.30378481 -2.08128342]
[10.31277261  6.58975315 -2.10980392]
[12.27911934 -2.11789192 -2.12156863]
[12.24942361  0.28028531 -2.14117647]
[11.19361175  4.26155591 -2.07058824]
[ 9.3339715  11.63206108 -2.0627451 ]
[ 9.85901122  4.40867956 -2.08627451]
[10.07972393  7.04334413 -2.10980392]
[11.84080154 -5.6606344  -2.10588235]
[11.76064822  2.28279812 -2.11764706]
[11.68768655 -4.99919908 -2.12941176]
[12.1478433  -3.68857183 -2.16470588]
[11.12797198  5.01509794 -2.17647059]
[10.84125793  0.45775388 -2.15294118]
[10.6374196  -3.82186791 -2.15294118]
[10.58782046  2.52407774 -2.10588235]
[12.26744569  0.89991639 -2.12941176]
[ 9.7135789   7.7281241  -2.10588235]
[ 3.30908249  3.5636324  -2.08235294]
[ 9.0980314   6.30446444 -2.09411765]
[12.34037315  1.45493202 -2.08235294]
[12.37236881  8.84571174 -1.85882353]
[12.25444284 -0.75517191 -2.11764706]
[-5.22799771 -2.82829874 -1.64705882]
[-0.39585807  2.17117841 -1.90588235]
[12.14624933 -4.29915725 -2.16470588]
[ 2.87331825  3.08018811 -0.84705882]
[11.84882077 -9.96903127 -2.14117647]
[ 8.13042564  5.65567177 -2.11764706]
[ 8.37053197  7.57956799 -2.18823529]
[ 8.62571575  6.66941042 -2.16470588]
[11.55324103 -4.45248219 -2.16470588]
[ 9.35245108  2.02390972 -2.14117647]
[11.17262596 -6.82884433 -2.16470588]
[ 9.60396086 -2.35059802 -2.16470588]
[ 9.59582742  1.6023431  -2.18823529]
[10.99816403 -0.64840001 -2.14117647]
[10.93043805 -0.1712108  -2.16470588]
[10.81990557  5.24801002 -2.09411765]
[10.8259991  -2.35007545 -2.07058824]
[10.73046425  1.75543788 -2.16470588]
[10.65096689  5.89921451 -2.07058824]
[10.6471009  -7.46953138 -2.14117647]
[ 9.75521346  8.12615942 -2.14117647]
[ 9.9512068  10.74659789 -2.07058824]
[10.00014016  7.49864345 -2.11764706]
[11.19846077  4.72330735 -2.        ]
