[-5.27426206  7.61560709 -0.77090449]
[ 0.73633577  3.06897642 -1.15869225]
[ 3.10219706  3.2018288  -1.46091024]
[ 1.35556379 10.81489853 -0.42753813]
[-11.71880896   6.49592547  -1.53817762]
[ 1.71221794  9.63964136 -1.54541176]
[-3.48803887  9.42918047  0.03235294]
[-12.28209991   6.09649277  -0.31312217]
[-11.61172338   7.00370988   0.09230769]
[-6.5354104   8.66051315 -1.71176471]
[-5.73817229  8.07726008 -0.97815126]
[-4.68526929  9.32638163 -0.31596639]
[-1.55009083  9.66072514  0.14117647]
[-3.21310457  8.90758977 -1.83137255]
[-1.4418393  11.09532013 -0.20392157]
[-12.16924571   5.97886902  -0.98823529]
[ 2.54734377 11.55186961 -0.49803922]
[-7.79618974  8.57882459  0.15294118]
[-1.27472613 11.66213601 -0.92705882]
[-5.34058269  9.40181001  0.35294118]
[-6.12115872  9.16061257  0.16941176]
[-11.02123464   5.94887769   0.77647059]
[-11.67031333   4.56117657   0.53647059]
[-5.82412999  6.92020456 -1.96235294]
[ 0.44545202 12.02593803 -0.37058824]
[-4.54900541  8.44400331 -1.02352941]
[-12.36957763   6.03158316   0.72941176]
[-4.75054327 10.36348333 -0.42352941]
[-3.982246   10.07076492 -1.20588235]
[-2.84702832 10.17723381  0.02352941]
[-8.12064588  8.56249673  0.13529412]
[-0.6880888  11.78224357 -0.88823529]
[-9.02559551  8.49180692 -0.43921569]
[-7.56752181  9.01634995 -0.23529412]
[-1.94578707  8.28993575 -0.7372549 ]
[-9.04466861  7.57472915 -0.62745098]
[-3.24528931  9.38090447 -1.92941176]
[-0.44200729 12.04875529 -0.47058824]
[-12.0113252    5.37336555  -1.68627451]
[-3.70961435  9.04371505 -1.29411765]
[ 1.39138223 11.16881852 -1.48235294]
[-5.20565691  8.35105351 -0.74509804]
[-12.41209924   3.72900264   0.51764706]
[-11.87670574   4.91126462  -1.85882353]
[-12.29833377   7.12126568   0.25882353]
[-12.42432511   3.58537688  -1.14509804]
[-1.64084352 11.96320982  0.04705882]
[-1.37007411 10.16305397 -0.31764706]
[-7.84990673 10.4385783  -2.09411765]
[-7.73563034  7.94751412  0.30588235]
[-1.2848046  10.74534348  0.29411765]
[-8.39891851  7.88015194  0.43529412]
[-1.11205864  8.96602603 -1.75294118]
[-1.00236758 12.28637728 -1.67058824]
[-7.54919862  9.13679686 -1.35294118]
[-7.04666538  5.88718279 -0.41176471]
[-1.87224939  8.95857711 -1.89411765]
[-12.13929422   6.20114476   0.38823529]
[-6.79541522  8.68689336 -1.24705882]
[-8.56300873  8.43001233  0.52941176]
[-6.23579235  9.24947977 -1.56470588]
[-12.32135541   7.18452406   0.72941176]
[-5.84899961  5.81485506 -2.09411765]
[-5.59962703  9.08792291  0.35294118]
[-4.06260082  9.62656563  0.18823529]
[-4.94030865  7.95268227 -0.94117647]
[-4.68548306  8.6557339  -1.49411765]
[-4.38645423  8.46674193 -1.91764706]
[-6.39805859  8.72774519 -0.48235294]
[-10.14488829   6.82780093  -1.17647059]
[-10.4118035    8.13678076   0.50588235]
[-12.44814034   6.28680615  -1.25882353]
[ 0.83506321 11.82429537 -0.48235294]
[-10.46349666   6.29672378  -1.57647059]
[-9.68066818  7.48649717 -1.82352941]
[-9.44884756  7.1968454  -2.08235294]
[-10.77225851   7.01501973   0.88235294]
[-10.76425734   6.16314237  -1.84705882]
[-9.03836067  7.45117653 -0.15294118]
[ 1.96069214  4.27566174 -1.57647059]
[-11.61193869   7.73808834   0.23529412]
[-8.63885381  7.16245714 -1.29411765]
[-8.86250894  8.93852787 -0.55294118]
[-0.85073123 12.35388605 -0.95294118]
[-11.6868003    3.97581082   0.48235294]
[ 0.27556025 11.02541056 -0.58823529]
[ 2.61915522  9.97255582 -0.75294118]
[-3.32536958 10.12663269 -1.69411765]
[-4.40130269 10.47281778 -0.51764706]
[-4.35350118 10.25387096  0.02352941]
[-4.32073744 10.23079171  0.37647059]
[ 1.24888779 11.99419541 -1.08235294]
[ 1.32649884 10.52961497 -1.10588235]
[-3.42583039 10.70479906 -1.64705882]
[-3.52855878  7.69558419 -2.07058824]
[-3.62263527 11.67749561 -0.23529412]
[-4.29945798  9.67148487 -0.89411765]
[-3.7299032   9.42023924 -1.67058824]
[-12.49544432   4.57038756   0.72941176]
[ 1.68016361 10.25194164 -1.74117647]
[-12.35340438   5.25551633   0.32941176]
[ 1.17537442 11.45276144 -1.74117647]
[-3.87322303 10.09792808  0.49411765]
[ 1.87105561  4.12966889 -1.27058824]
[-4.05089275  9.64519911 -1.43529412]
[-4.19960656  9.29878357 -1.64705882]
[ 1.97471541 10.92058555 -1.64705882]
[ 1.99622983 10.29994899 -1.15294118]
[-4.14902438  9.09421385 -0.87058824]
[-3.70584469  8.57731019 -1.31764706]
[-0.97338709 11.1969926  -1.50588235]
[-1.10437923 10.39819395  0.11764706]
[-12.45283319   6.17793584   0.18823529]
[-1.24795608 12.1505532  -0.18823529]
[-0.92627815 11.10119967  0.32941176]
[-1.27670979  8.4194835  -0.68235294]
[-1.29728064  9.72098771 -0.32941176]
[-1.40438628 11.64897456 -0.07058824]
[-0.37078878  2.17464809 -1.81176471]
[-1.49594784 11.32941609  0.02352941]
[-4.48026372  9.95131948 -1.45882353]
[-12.4205558    5.07067147  -0.32941176]
[-0.25447458 10.69739631 -0.25882353]
[-0.19708903 11.19595907  0.89411765]
[-1.69680036 10.70377394 -1.90588235]
[-2.79803179  9.02761104 -1.64705882]
[-1.7741535  10.02388251 -2.        ]
[-1.85010671 10.80449196 -0.09411765]
[-1.86947534 11.89589266 -1.03529412]
[-12.3696046    6.69755115  -0.18823529]
[ 0.27591793 12.22619731 -0.82352941]
[-1.94678156 10.07152268 -0.11764706]
[ 0.67521424 12.39641134 -1.48235294]
[ 0.77091248 12.34947295 -2.11764706]
[-2.19833778 10.87710513 -1.27058824]
[-2.27087041 10.82644759 -0.21176471]
[-2.27313261 10.42405148 -1.38823529]
[-2.32192976  9.80171291 -0.47058824]
[ 1.15349354 10.48004669 -2.11764706]
[-2.7970257   8.85089371 -1.17647059]
[-3.2519948  10.82040331 -0.35294118]
[-0.15333889 12.43005234 -0.18823529]
[-9.0993368   8.22843167 -0.70588235]
[-9.0302276   7.85096713 -1.74117647]
[-8.96965865  7.47180482 -1.50588235]
[-8.9798671   8.12022657  0.28235294]
[-8.94458706  6.67491762 -0.58823529]
[-8.849153    7.49562553  0.56470588]
[-8.85025931  8.30009518 -1.78823529]
[-8.82050613  6.59416665 -0.21176471]
[-8.73013428  6.20421205 -0.75294118]
[-5.27784291  7.40020845 -1.22352941]
[-8.60236132  8.47745135 -1.6       ]
[-8.58080539  4.90129832 -2.02352941]
[-8.58058877  6.42714742 -0.96470588]
[-8.50059747  8.64669908 -1.95294118]
[-8.40563435  8.97119753 -0.37647059]
[-8.27552695  9.57712293 -1.10588235]
[-8.22746232  8.52346086  0.70588235]
[-8.14724593  7.78005602  0.65882353]
[-8.14891584  8.07463624  0.72941176]
[-8.69416487  8.80099981  0.54117647]
[-11.75028699   4.55034066  -1.78823529]
[-12.02115096   7.64561695   0.11764706]
[-11.64665071   5.82964147  -0.18823529]
[-11.47073799   6.19951467  -1.22352941]
[-11.39712006   5.61902782  -0.16470588]
[-11.27447641   5.75391513  -1.43529412]
[-11.20428184   6.10106727  -2.14117647]
[-10.89898549   7.07062072  -1.22352941]
[-10.87126764   8.00497089   0.25882353]
[-9.24428129  7.92634286 -0.42352941]
[-10.67293092   6.80401855  -1.88235294]
[-10.67691596   6.82297026  -0.65882353]
[-10.24685319   7.29901404  -0.98823529]
[-9.97353659  6.39686174 -2.11764706]
[-9.92163785  6.86923604 -0.30588235]
[-9.91997988  8.20041526 -0.65882353]
[-9.77411392  8.19817025  0.09411765]
[-9.65195783  7.99728998 -0.61176471]
[-9.37578262  8.12782647  0.51764706]
[-9.30109493  7.0480232  -0.51764706]
[-10.80108957   6.27987111  -1.2       ]
[ 6.42156174 -0.15145958 -0.84705882]
[-5.57445619  8.3537201  -1.45882353]
[-5.54927024  7.92039489 -0.56470588]
[-5.46962805  7.8295129  -0.87058824]
[-12.25272479   5.18088904   0.8       ]
[-5.39653908  9.10414394  0.11764706]
[-5.39875927  9.70545313 -1.10588235]
[-5.25309886  6.90570463 -1.81176471]
[-5.22743655  8.78004116 -0.58823529]
[-8.11975232  7.96953007 -0.02352941]
[-5.12042616 10.55366045 -1.12941176]
[-5.10179861  9.54607489 -1.01176471]
[-4.92958488  7.5749318  -0.68235294]
[-4.82812801  9.44790002  0.30588235]
[-4.72665586 10.7995522  -0.51764706]
[-4.67194765  8.14900264 -0.56470588]
[-4.62349878 10.20333234 -0.82352941]
[-4.62314901 10.37492115 -1.50588235]
[-4.60590995  8.25528752 -0.11764706]
[-4.58060194  9.94485658 -1.97647059]
[-5.17513772  8.39523627 -1.55294118]
[-7.95425589  7.70524295  0.16470588]
[-12.14943531   7.57492793   0.44705882]
[-7.65444905  7.7248317   0.49411765]
[-7.45390068  5.79641887 -1.81176471]
[-7.4532335   8.90575777 -0.98823529]
[-7.42692926  7.55076918  0.25882353]
[-7.32950671  7.27940528 -0.89411765]
[-7.22385988  5.60270693 -2.07058824]
[-7.12198787  7.07267851 -0.82352941]
[-6.07138914  7.22088268 -1.88235294]
[-7.01901554  8.39797995 -0.49411765]
[-6.71937672  7.70111446 -2.07058824]
[-6.72246035  9.12282667 -0.09411765]
[-6.60455515  6.4232973  -2.04705882]
[-6.52054209  8.00581954 -1.95294118]
[-6.41994721  5.89453513 -2.11764706]
[-12.15405461   5.74891242  -1.29411765]
[-6.15293376  7.19428216  0.49411765]
[-6.09928536  8.95386657 -1.62352941]
[-6.0988672   9.7985683  -1.64705882]
[-7.07182903  8.554372   -1.69411765]
