[ 1.13570888  3.10588259 -1.1827642 ]
[-3.50700954 -4.5850331  -1.66749226]
[11.48081633  9.46771038 -2.1210084 ]
[11.32684113  4.87309854 -2.11092437]
[12.33476934  6.49647851 -2.11764706]
[-6.92123883 -9.79295892 -1.95294118]
[12.2889442  12.40588944 -2.10823529]
[11.91590128  2.13114641 -2.13176471]
[11.47506852  4.06846885 -2.11764706]
[-5.2017658  -2.68250404 -1.53529412]
[11.73487315  2.68307273 -2.10980392]
[12.35181124  0.57291052 -2.14901961]
[12.13432848  1.29130804 -2.09411765]
[ 2.0776946  3.0219612 -2.       ]
[12.35276518 -0.02204969 -2.08235294]
[11.89763985  8.30016353 -2.11764706]
[10.86122894 10.50380483 -2.08235294]
[10.79994012  5.81339066 -2.11764706]
[ 9.124938   12.20135264 -2.16470588]
[10.26240766  3.67290706 -2.11764706]
[12.38517036 -0.75064925 -2.12941176]
[12.27686529 -2.29836438 -2.12941176]
[12.29924112  3.85345887 -2.14117647]
[11.9750695   8.9159721  -2.11764706]
[11.97322446  2.97581367 -2.16470588]
[12.12370193 -2.99962762 -2.11764706]
[11.94960341  3.77682162 -1.95294118]
[11.82449096  4.89893534 -2.16470588]
[12.39748725 -9.89821659 -2.14117647]
[ 1.80089823  4.22733972 -1.6       ]
[ 1.8274044   4.15007074 -1.27058824]
[ 7.22084875 -1.07298892 -2.11764706]
[ 8.8308916   1.65103201 -2.04705882]
[ 9.47595114  4.7223556  -2.14117647]
[ 9.61963288 -0.45069367 -2.18823529]
[ 9.62896239  8.62517182 -2.16470588]
[ 9.8290075  11.62600287 -2.07058824]
[12.34700864  7.77364156 -2.16470588]
[10.57087796 11.12874464 -2.09411765]
[10.60058236  9.85333708 -2.11764706]
[10.62619623  2.40073224 -2.14117647]
[10.97232402 -0.46950138 -2.11764706]
[ 1.29933384  4.07642938 -1.36470588]
[11.22097776  5.74443949 -2.07058824]
[11.42160294  3.35107836 -2.09411765]
[ 11.62111945 -10.57111829  -2.18823529]
[10.45279554  2.90583105 -2.09411765]
