[ 1.34922444  3.09429159 -1.16185605]
[11.7669473  11.53982266 -2.05424149]
[10.97902688  8.58282575 -2.08868778]
[ 7.89757159 -6.01587621 -1.58417112]
[12.08061831  6.12421015 -2.08      ]
[11.12246825  4.98815928 -2.11137255]
[11.49804603  3.42782514 -2.06696833]
[10.49541589  6.12107393 -2.05490196]
[12.04195084  7.91296449 -2.09803922]
[10.28286011  2.7650218  -2.13647059]
[10.22398452  7.00810959 -2.09882353]
[-0.98100756  2.93145554 -1.88823529]
[ 9.72576253 10.6750288  -2.10588235]
[ 9.01503327 11.73490711 -2.07058824]
[12.38482545  0.37506607 -2.09411765]
[ 9.42471035  5.49082833 -2.07843137]
[ 9.43384122 11.22609288 -2.11764706]
[ 9.73290849  7.39818711 -2.16470588]
[11.9486891   2.24550596 -2.08235294]
[ 9.18763135  2.93346087 -2.12941176]
[ 8.69773776 12.02752995 -2.14117647]
[ 9.57200423  3.85291798 -2.10588235]
[11.82093834 -5.40337663 -2.16470588]
[10.78083932 -3.50201153 -2.18823529]
[10.99430797  0.39919067 -2.16470588]
[11.93027024 -4.87893753 -2.16470588]
[12.0002688   1.727788   -2.07058824]
[10.82105405  1.61973031 -2.09411765]
[12.19757615  1.424424   -2.14117647]
[12.35064712  1.05142484 -2.16470588]
[10.1296992   7.49974318 -2.16470588]
[ 9.91911873  3.56978145 -2.07058824]
[12.39871246  7.15031412 -2.04705882]
[ 9.82067087 11.04889146 -2.07058824]
[ 9.79907735  6.64459298 -2.09411765]
[ 9.72437512  7.78087141 -2.07058824]
[ 9.60496551  5.79466581 -2.16470588]
[ 9.22227571  8.40247029 -2.11764706]
[ 9.21908635  6.75287572 -2.14117647]
[ 8.80095296  6.4032509  -2.16470588]
[ 8.42392179  7.1547405  -2.09411765]
[ 1.85226787  4.12218429 -1.24705882]
[-2.20443171 -1.80417595 -0.98823529]
[ 9.90469237 10.14761111 -2.14117647]
