[ 1.18432633  3.07281123 -1.16054889]
[-12.02490346   2.77416776  -1.56789445]
[-12.20239545  -1.31308385  -1.26474433]
[-12.4699167    0.17393056  -1.14509804]
[-12.43028343   0.32953002  -0.28235294]
[11.98873185  8.32545752 -2.09803922]
[11.14596108  5.81829462 -2.10196078]
[ 9.7259934  11.3054685  -2.11764706]
[11.16034463  9.60941264 -2.1254902 ]
[11.54992577  9.0508955  -2.10980392]
[10.11330215  7.59846494 -2.16470588]
[10.60281006  7.02108468 -2.12941176]
[10.99630713  6.54890846 -2.10588235]
[-11.38369189   2.91461449  -1.38823529]
[-11.36676016   2.07768818  -2.12941176]
[11.42489499  4.82264259 -2.08235294]
[-12.44949191  -0.06169257  -1.96470588]
[12.09093807  3.88687182 -2.11764706]
[ 9.92505222  7.99876909 -2.10588235]
[11.2016713  -2.84581081 -2.16470588]
[11.25326893  1.24895759 -2.09411765]
[11.34402692 -7.34497928 -2.14117647]
[11.60302442  5.37986509 -2.14117647]
[11.72125189  4.55597134 -2.11764706]
[10.92655665  2.17018359 -2.14117647]
[10.85026138  9.99944493 -2.16470588]
[10.5793735   7.77182232 -2.16470588]
[12.00330019  3.32018677 -2.14117647]
[10.32756333  7.92857564 -2.09411765]
[10.02054168  4.42396773 -2.18823529]
[12.42532134  2.40561195 -2.18823529]
[-12.50571009  -1.72743442  -1.64705882]
[-12.50132507  -0.35335345  -1.69411765]
[-12.5029605    4.09436066  -1.03529412]
[-12.4476022    1.77262778  -1.34117647]
[-12.34685648   0.12461457  -0.68235294]
[-12.32886686   3.10040503  -0.32941176]
[-12.23098436   0.36932586  -0.51764706]
[-12.20113219  -0.70189408  -2.02352941]
[-12.02849666   1.59674356  -2.16470588]
[-11.99493329   2.57665176  -1.43529412]
[12.25332324 -2.8483677  -2.16470588]
[-0.45050833  3.77309818 -2.09411765]
[ 0.9987016   4.42774568 -0.87058824]
[ 1.17211596  2.84428773 -1.92941176]
[ 1.87793818  4.04923081 -1.27058824]
[ 2.05556196  3.57944358 -1.83529412]
[ 2.52336643  2.90440334 -1.55294118]
[ 3.02496783 -0.02596822 -0.87058824]
[ 3.47650061  3.52708253 -1.95294118]
[ 8.92571033  4.53094341 -2.09411765]
[ 9.09833458  2.8298518  -2.16470588]
[ 9.59930394  4.82874131 -2.14117647]
[-11.94654019  -1.12832582   0.09411765]
