[ 1.03850545  3.09178446 -1.10847968]
[ 3.17558951  2.65323325 -1.66461049]
[ 2.5866432  -6.41511955 -1.58479638]
[12.12982067  6.71399945 -2.10117647]
[11.78029615 11.89181632 -2.05882353]
[ 5.45833415  3.22323511 -0.83438914]
[11.42793199  7.96662003 -2.11764706]
[12.06686462  1.80390993 -2.08235294]
[11.10148679  5.21215511 -2.12026144]
[11.54157194  3.95001949 -2.09117647]
[10.76168593  9.31355369 -2.10823529]
[ 9.98042668 10.46071524 -2.08      ]
[11.23254128  8.84072252 -2.02352941]
[10.33728226  3.3491429  -2.08235294]
[10.66160138  5.76529976 -2.11764706]
[ 8.98805451 11.7376433  -2.13333333]
[10.68785106  2.42555181 -2.03529412]
[10.5511665   6.56666065 -2.09411765]
[10.50039254  9.81357728 -2.08235294]
[10.49822003  2.81209284 -2.11764706]
[10.12799309  7.12681725 -2.11764706]
[10.72990939  1.75052107 -2.07058824]
[ 9.86089923  7.55873964 -2.09411765]
[ 9.51271743 11.28555257 -2.11764706]
[11.71231185  2.83830247 -2.10588235]
[11.95360337  3.1753904  -2.11764706]
[11.38404811 -4.79623254 -2.12941176]
[11.12191539  0.57358445 -2.16470588]
[11.52446818  3.32479489 -2.09411765]
[11.55304667  7.07066735 -2.16470588]
[12.19986341  2.51923256 -2.11764706]
[12.34832758  2.77293662 -2.18823529]
[12.37323309 -4.67339234 -2.14117647]
[12.42679827 11.00140821 -2.        ]
[-0.95302419  2.90506463 -2.04705882]
[-0.4022129   2.20220722 -1.88235294]
[ 1.87653316  4.05434184 -1.22352941]
[ 5.37607541  3.06908899 -1.2       ]
[ 5.82693568  2.59858518 -0.94117647]
[ 7.22768868  5.9522349  -2.07058824]
[ 7.77189243  6.02689026 -2.09411765]
[12.42859768 -2.1794271  -2.09411765]
[ 9.04428567  6.40495677 -2.14117647]
[ 9.15335028  3.40222001 -2.11764706]
[ 9.2447382   2.22408504 -2.16470588]
[ 9.42082965  7.95076513 -2.07058824]
[ 9.85116271  4.10498456 -2.11764706]
[10.07942138  4.62194013 -2.18823529]
[10.47904257  6.04927128 -2.04705882]
[10.95405534  5.99914796 -2.16470588]
[ 8.55286285  2.77898599 -2.07058824]
