[ 1.05680422  3.10212285 -1.14044015]
[ 3.22944428  2.68373843 -1.65725944]
[-0.4598425  -4.61870572 -1.53272059]
[ -4.99885468 -10.38588228  -1.99144385]
[12.2261461   7.6171078  -2.10420168]
[12.31457091 12.35370516 -2.11092437]
[11.49920094  8.84618284 -2.08823529]
[11.62561711  4.3606713  -2.1254902 ]
[10.49520155 10.925919   -2.11764706]
[12.05743374  8.3937204  -2.10196078]
[12.41505954 -2.26749956 -2.10980392]
[12.36021607  0.25137929 -2.11764706]
[ 2.1121084   3.76435832 -1.57647059]
[10.61604882  6.6025832  -2.10588235]
[11.92217604  3.46129887 -2.09411765]
[11.46511004  9.40038343 -2.08235294]
[12.14851802  3.15342525 -2.07058824]
[11.99626106 -5.02171171 -2.16470588]
[12.3472456   1.82857709 -2.14117647]
[12.35301915  2.36943478 -2.09411765]
[11.75263062  4.97184536 -2.18823529]
[11.7509338  -5.34685116 -2.16470588]
[11.6036568   5.35014534 -2.14117647]
[12.36952609 -3.14847881 -2.11764706]
[11.15100996 -2.27656823 -2.11764706]
[11.1232975   5.55179831 -2.09411765]
[12.42108392  2.90168157 -2.16470588]
[10.92196875 -2.75168804 -2.16470588]
[10.82103785 10.04838926 -2.02352941]
[10.12153299  4.84449471 -2.16470588]
[10.12196188 -5.87794599 -2.16470588]
[ 9.95177441 11.80268745 -2.16470588]
[ 8.94788978  3.84419063 -2.11764706]
[ 8.54656848  7.42048846 -2.18823529]
[ 2.5792283   3.52498663 -2.04705882]
[ 1.92905351  4.02238819 -1.34117647]
[ 0.05472394  3.10230078 -2.11764706]
[-0.37365872  2.17130695 -1.81176471]
[-5.92921332 -6.03011545 -0.54117647]
[11.03078554  6.02931196 -2.09411765]
