[ 7.73066033  7.24065548 -0.56060868]
[ 0.7441574   3.06465033 -1.12447071]
[ 3.14425092  3.17392505 -1.4725242 ]
[-0.21134722 11.87868404 -1.44640736]
[ 1.32389339 11.97111705 -0.04486664]
[-11.7523703   10.13224703  -1.39948849]
[-11.72616252  11.48988307  -0.37693195]
[-10.22797364  11.21268712  -0.55731092]
[10.26941903  7.03469979 -0.92941176]
[ 1.96521981 10.61974173 -1.43957219]
[7.01525777 9.65087452 0.36078431]
[-11.6453985   11.42479988  -1.13356401]
[ 9.90605012  8.68013261 -0.13613445]
[10.9540483   7.41699573 -0.2973262 ]
[-12.16797235  11.01316362  -0.57176471]
[ 6.30535228 10.23703969  0.45411765]
[ 7.8386594   8.27194094 -0.21470588]
[-12.2327166    9.78968269  -0.87394958]
[ 4.43159021 10.92151267 -0.18823529]
[-12.24197812   9.24146191  -1.88235294]
[ 8.33769028  8.74060148 -1.7372549 ]
[11.41283528  5.89773776 -1.20392157]
[ 9.3972119   9.40798012 -0.24      ]
[-10.82638936  11.37333472  -1.24705882]
[7.22900322 8.95935154 0.32      ]
[8.31977526 8.99560867 0.46117647]
[-12.3902822    8.31217775  -0.58352941]
[10.28478332  9.51923458 -0.17411765]
[-0.94887091  2.91312211 -1.95294118]
[ 3.40766353 11.21194719 -0.37647059]
[-9.67873324 12.26285801 -1.99411765]
[-0.74932787 12.44366755 -1.92941176]
[11.67714421  3.33951998 -1.22352941]
[ 4.29854693 11.58653733 -0.25882353]
[-12.45533646   8.24354695  -1.61764706]
[7.53591258 8.35719097 0.23529412]
[-0.29319605 12.34866164  0.6745098 ]
[ 0.30798991 12.1114316  -0.9254902 ]
[-12.35105691  12.10082546  -0.76862745]
[ 7.84848506  7.77624718 -1.67843137]
[10.73354837  8.51533382 -1.92941176]
[-9.06711071 11.84406151 -2.10980392]
[ 2.71922276 11.70652508  0.0627451 ]
[-10.76681531  12.43746681  -1.6       ]
[-10.82380163  10.44900869  -2.        ]
[-10.92747536  11.8853415   -1.06666667]
[ 4.53710802 11.48142032  0.32156863]
[ 4.76826779 10.89092259  0.41568627]
[ 4.1747423   8.88203884 -0.54117647]
[ 8.22717327  9.86005073 -0.74117647]
[ 8.44983804  7.94501344 -1.57647059]
[ 0.3112288  12.40487404  0.8       ]
[ 8.56115479  9.11400728 -0.07058824]
[ 4.13372201 11.7516834   0.48235294]
[ 0.7419977  12.43809439 -1.75294118]
[ 1.27601703 10.98459908 -1.90588235]
[ 3.3166582  11.37600967  0.45882353]
[ 7.74734254  7.99650699 -1.30588235]
[7.62364666 9.19621921 0.41176471]
[ 1.89718519  4.0856523  -1.12941176]
[6.26176017 8.57826665 0.32941176]
[ 2.32416986 11.63831297  0.21176471]
[ 8.71590812  9.59908386 -0.14117647]
[ 8.82414831  9.32497905 -1.64705882]
[ 6.77892638  8.6770551  -1.89411765]
[ 2.57669365 12.2267573   0.36470588]
[8.90785789 7.48611852 0.23529412]
[ 2.92666357 10.30775525  0.81176471]
[8.18661755 9.20877249 0.2       ]
[11.27462398  6.09855313 -1.65882353]
[12.26082469  7.01643663 -0.03529412]
[11.23758835  7.66253289 -0.61176471]
[-9.65015588 11.00089187  0.12941176]
[11.53832896  6.14200558 -2.01176471]
[-9.17679079 12.45379851 -1.87058824]
[-11.48794865  10.74223369  -1.05882353]
[-10.70874146  12.00435943  -0.56470588]
[-10.79076488  12.22287343  -0.10588235]
[-12.47773246  10.90285797  -0.22352941]
[-11.15140485  12.398554    -0.08235294]
[10.42576182  8.01448526 -0.81176471]
[10.5276238   7.01410675  0.47058824]
[-0.19736922 11.47918973 -2.07058824]
[10.51040072  7.31165525 -0.70588235]
[11.64752853  9.05395813 -0.72941176]
[11.62137456  7.1191393  -1.17647059]
[11.78061531  7.32645801 -0.94117647]
[11.89818195  8.1701488  -1.03529412]
[12.00585617  9.14515334 -0.91764706]
[8.89889754 7.47648229 0.68235294]
[ 9.00276099  8.85523849 -0.42352941]
[12.05542288  4.72126983  0.58823529]
[ 8.67934612 10.05532364 -0.11764706]
[ 8.62940363  7.55118138 -0.47058824]
[12.10388024  5.79495712  0.09411765]
[12.37784842  9.55352277 -2.14117647]
[ 8.22408092  8.88061526 -0.11764706]
[ 8.40000289  7.95318333 -0.14117647]
[ 8.42902242  5.70395634 -0.61176471]
[12.37121798  5.9738001  -1.29411765]
[ 8.47534883  6.97824892 -1.74117647]
[12.29712918  7.99982702 -0.72941176]
[11.62376606  5.69513238 -0.37647059]
[ 8.52328774  6.80244052 -2.02352941]
[12.24657839  8.19588928 -0.4       ]
[12.24737592  6.39831969 -2.16470588]
[ 8.51980844  7.5474623  -1.22352941]
[12.15197885  9.9203904   0.82352941]
[12.15193743  6.20478843 -0.70588235]
[8.52695817 8.50027674 0.04705882]
[ 8.54557649  8.51980526 -0.49411765]
[ 8.47227587 10.45137222 -0.61176471]
[10.09566631  6.04559251 -1.81176471]
[10.1006542   8.37702151 -0.58823529]
[10.22339643  6.22957898  0.25882353]
[10.35540675  7.924246   -0.18823529]
[10.40534429  7.67579519 -0.49411765]
[10.05590876  7.99831472 -0.18823529]
[ 9.99567834  9.72567048 -0.37647059]
[10.79802958  7.40144722  0.58823529]
[ 9.91977711  8.80339997 -0.84705882]
[10.99562962  9.8801446  -0.25882353]
[11.07449603  7.50483593  0.82352941]
[ 9.87512044  8.32550297 -0.82352941]
[9.82277854 7.77607474 0.04705882]
[9.75343891 6.99941738 0.04705882]
[11.20511889  5.55208811 -1.90588235]
[12.42512804  4.95105246 -1.2       ]
[ 9.72092378  5.52551047 -1.81176471]
[ 9.69600235  8.92330322 -0.16470588]
[ 9.66984759  5.34768786 -1.50588235]
[11.27337054  8.86938161 -0.72941176]
[11.30138519  6.45408795 -2.11764706]
[11.29883551  7.02970718  0.42352941]
[ 9.5255966   5.4212759  -1.17647059]
[9.42040105 9.10474467 0.35294118]
[ 9.39671708  8.31960938 -0.11764706]
[ 9.32300897  9.24496063 -1.01176471]
[ 9.22992111 10.10427082 -0.82352941]
[11.54633107 10.70254387 -0.49411765]
[9.14707392 7.9012765  0.23529412]
[11.57361435  9.04841637 -0.09411765]
[ 9.04577743  9.94669029 -0.14117647]
[11.24684567  4.78000755 -0.89411765]
[-10.25421915   9.97903455  -1.90588235]
[-10.25358704  12.2503257   -0.4       ]
[-10.07284907  11.59827006  -2.14117647]
[-10.00455016   9.92910579  -2.09411765]
[-9.99524947 12.24519457 -0.70588235]
[-9.98067677  9.47991794 -2.14117647]
[-9.8957168  10.90181731 -0.68235294]
[-9.87509428 10.27137872 -0.75294118]
[-9.52437792 11.87435186 -1.81176471]
[ 5.6516839  11.07195048 -0.44705882]
[-9.22578926 11.97840198 -1.81176471]
[-9.0969652  12.42805062 -0.58823529]
[-8.94506552 12.40497231 -0.25882353]
[-8.82662125 12.44558562  0.61176471]
[-7.84838594 11.29467196 -2.16470588]
[-7.22083231 12.44425564 -2.14117647]
[-1.87050325 11.94428021 -1.08235294]
[-1.44519584 11.51901386 -1.57647059]
[-1.29515835 11.44638166 -2.09411765]
[-1.27252913 11.92179275 -2.09411765]
[-9.52073254 12.35103473 -0.42352941]
[-12.49751636   7.67219208  -1.78823529]
[-12.50180356  11.94878401  -0.16470588]
[-12.47888286  12.34586322  -1.64705882]
[-12.42356289  10.55365886  -0.82352941]
[-12.27851204  12.24686611  -0.21176471]
[-12.102705    12.15180627  -1.03529412]
[-12.07087812  11.17529433  -1.62352941]
[-12.04475855  12.17966304  -0.47058824]
[-12.05367065  12.47320288  -1.62352941]
[-10.3275384   12.10136968  -0.87058824]
[-11.75402379  12.37346118  -0.68235294]
[-11.72074919  12.44833764  -1.55294118]
[-11.7054931   12.05138887  -0.56470588]
[-11.67266617  11.57015322  -0.8       ]
[-11.52324229  10.55337432  -2.04705882]
[-11.27709045  11.82725098  -0.56470588]
[-11.2474771   11.64755705  -0.09411765]
[-11.2050222   12.40270622  -0.89411765]
[-10.48009941   9.00568922  -1.78823529]
[-10.35502117   9.75224653  -2.14117647]
[-11.92000582  10.84682693  -0.77647059]
[12.44570432  8.95438317 -1.22352941]
[6.49448893 8.91978079 0.04705882]
[6.77811571 8.60495961 0.14117647]
[ 7.25240431  9.27302484 -1.83529412]
[ 7.28002084  8.84713966 -1.24705882]
[ 7.27131821  9.68010519 -1.45882353]
[ 7.30416958  9.024763   -0.47058824]
[ 7.43066125  5.72350606 -2.14117647]
[ 7.59490432  9.1952528  -1.29411765]
[-0.94863139 11.25304054 -2.16470588]
[ 7.82414397  8.92634465 -0.18823529]
[ 7.87979189  7.30384609 -1.97647059]
[ 7.87109397  7.95422761 -0.21176471]
[7.89510376 6.424064   0.72941176]
[ 7.94692315  8.06956517 -0.94117647]
[8.00324598 8.64472226 0.11764706]
[8.02891861 9.5265737  0.        ]
[ 8.04679378  5.02268441 -2.14117647]
[ 8.09511935 10.10435809 -0.63529412]
[ 8.14934247  5.47070061 -2.16470588]
[ 7.82282052  8.30588195 -1.57647059]
[-0.7044741  11.9980569  -1.05882353]
[ 0.79992689 10.62442036 -2.11764706]
[ 1.44539148 12.45050033  0.56470588]
[ 1.87174984 10.09462416 -1.88235294]
[ 1.92094328  9.72087818 -1.2       ]
[ 1.97504333 11.64643778 -1.85882353]
[ 2.20170245 11.36991473 -0.56470588]
[ 2.37483432 10.82357789 -0.54117647]
[ 2.79921409 12.43067527  0.23529412]
[ 4.64818196 12.00476549  0.21176471]
[ 2.93012664 12.12374983  0.30588235]
[3.25464113 9.5780302  0.16470588]
[ 3.7227892  11.97583317 -0.49411765]
[ 3.77759834  9.48060847 -0.58823529]
[ 3.92900254 10.10428672 -0.47058824]
[ 3.9559521  11.45042137  0.35294118]
[ 3.97903198 10.17273982  0.65882353]
[ 3.99610561  9.20194586 -0.4       ]
[ 4.28001168 10.67673803  0.75294118]
[ 4.52826589 12.38035152 -0.49411765]
[ 2.92233356 10.87710689 -0.30588235]
