[ 7.79769731  7.28872743 -0.54139188]
[ 0.73596781  3.07463795 -1.16338458]
[ 3.14854387  3.17309758 -1.47976017]
[-11.44399501  10.41526938  -1.01040416]
[ 0.87007724 12.0881016  -1.30388457]
[-11.95522664  11.97712961   0.14117647]
[-8.63065571 12.16456536 -0.51903114]
[12.28223732  3.87670859 -0.05490196]
[ 7.07986314 10.60214776 -0.26218487]
[ 9.54811748  8.13487591 -1.72605042]
[-10.96992773  12.22748276  -0.1918552 ]
[ 2.01556704 11.17626158 -1.72307692]
[-12.17966117  11.5068113   -1.51493213]
[11.60892931  3.25641525 -1.36898396]
[-12.13264288   9.88224757   0.59764706]
[ 4.50956037 11.42266534  0.44705882]
[ 7.20759708  9.91143357 -1.02222222]
[12.14768838  5.666383    0.36601307]
[10.93227159  7.54233092 -0.35294118]
[12.23858721  2.10362614 -1.25882353]
[11.14546904  8.4622228  -0.30196078]
[-0.95721825  2.8970485  -1.94509804]
[-12.0695661   10.73155728  -1.32235294]
[-10.15704634  10.9378359   -1.88235294]
[ 4.57389687 12.329924    0.34352941]
[ 4.54224344  9.21065795 -0.60235294]
[-11.7815172   10.06999919  -1.60470588]
[ 4.8962453  11.07837538  0.28705882]
[11.92119179  6.0023309  -1.30823529]
[-9.51306514 12.41574337 -0.74117647]
[12.38088928  5.65698187 -0.84117647]
[ 6.37530171 10.7013526   0.31176471]
[11.2518817   6.10865259 -1.83529412]
[-11.62525283  10.04795377  -0.84705882]
[ 7.49024643  9.10105291 -1.60784314]
[-12.43397943  11.76235139  -1.04313725]
[-9.70741291 10.90028366 -1.98431373]
[ 8.40201235  7.80889097 -0.81568627]
[-9.0498105 12.2155941 -0.9254902]
[ 8.37504316  8.49653217 -1.89019608]
[12.22239475  7.54682971 -0.15686275]
[8.75551476 8.23214681 0.36078431]
[-9.11922896 11.83663604 -1.94509804]
[10.45129868  8.5256102  -0.54117647]
[ 1.29135745 12.42490675  0.58823529]
[-12.34405651   9.28955087   0.69019608]
[ 0.62635815 11.67102947 -2.03529412]
[ 1.26650434 11.47579079 -2.09411765]
[ 2.03578199 12.03727477 -1.69411765]
[ 2.90770301 12.28427035  0.42352941]
[ 6.62044029  8.93978886 -2.03529412]
[ 6.96773504  8.40332292 -1.12941176]
[ 7.08530599  6.89746806 -1.67058824]
[8.07851016 9.45023537 0.04705882]
[ 8.44214764  5.86963583 -1.90588235]
[9.37439025 8.27058029 0.24705882]
[10.04007028  6.41644067  0.36470588]
[11.70373784  6.84235274 -0.27058824]
[12.12402735  4.87668915 -1.71764706]
[12.30920577  6.5169319  -0.50588235]
[-8.36245897 12.17184465  0.07058824]
[-10.11305182  12.28433671  -1.        ]
[-12.03776707  12.06256289  -1.81176471]
[12.41746911  5.04987945 -2.08235294]
[-11.37603449   9.86113093  -0.41176471]
[-11.78598573  10.97616388  -1.02352941]
[-12.06066612   8.89823848   0.57647059]
[-9.22534707 10.56122077 -1.96470588]
[-9.34549634 11.15016926 -1.90588235]
[-11.51405558  11.72326016  -1.08235294]
[-12.4711264   12.04840929  -1.44705882]
[-12.02453032  10.17298884  -1.05882353]
[-11.43763496  11.40265825  -1.98823529]
[-12.32353682   9.75146629  -1.34117647]
[ 9.90057988  7.09579124 -1.52941176]
[9.94728767 5.55143848 0.70588235]
[10.07277849  8.27017407 -0.42352941]
[10.13068456  6.64843243 -1.43529412]
[9.85147117 7.40310115 0.56470588]
[10.19548247  7.6026286  -0.49411765]
[10.19579943  9.4233994  -0.35294118]
[10.38012152  3.47437713 -1.88235294]
[-12.1276167   11.55526757  -0.4       ]
[10.51932081  7.12855326 -0.4       ]
[10.1727475   8.15277853 -1.64705882]
[8.89782233 7.22740933 0.42352941]
[ 8.92988237  9.47746308 -1.76470588]
[ 9.02742294  7.47636732 -1.2       ]
[ 9.07010938  8.87204387 -1.71764706]
[ 9.17437409  7.45291839 -0.77647059]
[9.16968984 8.32340929 0.44705882]
[ 9.27135014  7.77755407 -1.24705882]
[9.29539605 7.62673151 0.30588235]
[ 9.62380646  8.52233067 -0.49411765]
[ 9.40161791  7.51952746 -0.14117647]
[-12.10014508  11.24770375  -1.52941176]
[ 9.42671117  7.37541481 -1.45882353]
[ 9.45138817  5.38020145 -0.89411765]
[9.49594422 6.32951323 0.72941176]
[10.6292989   7.04894815 -0.98823529]
[ 9.67163065  8.95162335 -1.71764706]
[ 9.82422993  7.79541567 -0.49411765]
[9.39671257 5.65403914 1.10588235]
[11.78046956  7.35022827 -0.25882353]
[11.86923528  9.07145682 -0.51764706]
[11.92870409  8.6718585  -0.21176471]
[11.95443747  6.42949495  0.4       ]
[-12.39936791   8.65516425   0.89411765]
[-12.42186852   8.82932055  -0.77647059]
[-12.44753094   8.62543815  -1.12941176]
[-12.49492778  10.974207    -1.12941176]
[-12.20260114  12.42263906  -1.36470588]
[-12.50302428  10.25589042  -0.8       ]
[12.25328152  7.84481063 -0.4       ]
[12.30470589  8.87793023 -0.28235294]
[-12.49461017   9.42734238  -1.67058824]
[12.35274011  7.9770616  -1.17647059]
[12.36994604  7.91982383 -0.84705882]
[12.39750771  3.3229977  -0.49411765]
[12.4460251   5.49721031 -2.11764706]
[12.15018687  7.37995024 -1.03529412]
[10.64721773  7.54600714  0.02352941]
[ 8.74929754  4.62154294 -2.18823529]
[10.94699366  6.98087314 -0.32941176]
[10.99588602  8.97089325 -0.44705882]
[-12.30356055   9.87731548  -0.68235294]
[11.20337537  7.32524921  0.21176471]
[11.19784558  7.8235754   0.07058824]
[11.22315623  7.09701174 -2.07058824]
[-12.37889492   8.52535488   0.21176471]
[11.49574823  7.97365826 -0.51764706]
[11.55096303  5.57075397 -0.82352941]
[11.55482972  5.64450548  0.16470588]
[11.63064504  5.29882317  0.11764706]
[11.6475501   8.80116481 -0.35294118]
[-12.37853877  11.34734957  -0.32941176]
[11.72331401  5.46971438  0.35294118]
[11.72674744  7.17754735 -0.51764706]
[11.43083213  6.12803304 -1.2       ]
[-9.92655004 12.42437336 -1.22352941]
[-10.08061849  12.44782904  -0.63529412]
[-10.10455888  11.87811865  -1.08235294]
[ 2.29880113 12.45414026  0.84705882]
[ 2.77559143 11.95332413  0.30588235]
[-10.20332799  11.27097073  -1.90588235]
[ 2.89615805 11.65399896  0.54117647]
[ 8.49884263  8.24737201 -1.69411765]
[ 3.17945251 12.47247708  0.04705882]
[-10.90481842  11.82257642  -0.16470588]
[-10.94718635  12.17993068  -1.92941176]
[-11.02036133  10.94482755  -1.76470588]
[-11.15489482   9.55546899  -1.01176471]
[ 4.94500533 10.8281305   0.21176471]
[ 4.97434857 11.79582457  0.35294118]
[ 5.2705665  11.22020471 -0.49411765]
[ 3.07787591  3.54871124 -2.02352941]
[-8.82149502 11.02333379 -2.04705882]
[-8.76912195 10.64514409 -1.78823529]
[-8.569708   12.44736888 -0.96470588]
[-8.49925084 10.54978769 -2.14117647]
[-9.04454861 12.30145086 -0.47058824]
[-6.2995785  12.27059854 -2.16470588]
[-2.22346751 -3.85525649 -1.05882353]
[-9.12871827 11.35404227 -2.02352941]
[ 1.90287424  4.14613303 -1.27058824]
[ 0.02208367 11.77029081 -1.6       ]
[ 0.14945516 11.873256   -2.11764706]
[-9.42753643 10.87384069 -1.78823529]
[ 0.85083666 10.35143486 -2.11764706]
[ 0.95141891 11.5473737  -1.05882353]
[-9.62950909 12.19836525 -1.22352941]
[-9.87890846 12.42950472 -0.37647059]
[ 1.79734845 12.42902883  0.02352941]
[-0.19683756 11.8440296  -2.09411765]
[ 7.6735882   9.52725221 -1.62352941]
[ 7.69479573  7.52604427 -0.70588235]
[ 7.70565083  7.85073756 -0.44705882]
[ 7.70061069  8.62976944 -1.6       ]
[7.77506499 9.70347858 0.4       ]
[7.8487573  7.95400328 0.16470588]
[ 7.90417365  7.75594166 -1.69411765]
[ 5.47651062 11.77812566 -0.65882353]
[-11.628606    11.92990418  -2.        ]
[8.17160342 8.09605977 0.14117647]
[-11.85012423  12.45402992  -0.35294118]
[-11.97902445   8.24713537  -0.49411765]
[8.47915894 5.5548592  0.47058824]
[-11.99460679  10.87550652  -2.        ]
[ 8.60226524  8.47141953 -0.8       ]
[8.70387048 7.62237814 0.18823529]
[ 7.97865295  9.68091358 -1.88235294]
[ 5.69453307 11.60146425  0.11764706]
[ 5.74862739 11.39532025 -0.47058824]
[-11.25120473  10.00551728  -1.62352941]
[ 6.248347   10.0530384  -0.07058824]
[ 6.49594585 10.19599316 -0.47058824]
[ 6.5220695   7.4954452  -1.15294118]
[ 6.5276409   8.02786123 -0.84705882]
[ 6.62580003 10.47030197  0.28235294]
[ 7.59853956  9.22739959 -2.04705882]
[ 6.87626536  8.41996344 -1.43529412]
[ 6.8980719  10.4475844   0.11764706]
[ 6.95349596  8.07283931 -0.61176471]
[-11.52078495  10.29683113  -0.28235294]
[ 7.19873514  8.89892048 -0.84705882]
[ 7.37591088  8.20454108 -1.38823529]
[-11.54657884   9.64927766   0.11764706]
[7.59870837 6.84912405 0.65882353]
[-11.39798291  11.69795025  -1.83529412]
