[-7.72914774  6.30403589 -0.83885145]
[ 1.21810495  3.08533679 -1.15505652]
[-2.05617727  9.41372704 -1.41715686]
[-8.62780689  8.92150309 -0.94731458]
[-4.49148802  9.16902185 -0.20441176]
[-9.30980878  7.19974196 -0.39803922]
[-6.52976469 11.00310222 -1.00534759]
[-12.23339566   3.77105023  -1.80392157]
[-8.9962349   7.87739718 -0.53445378]
[-8.7509456   9.94597343 -0.7697479 ]
[-7.30978671  8.00981622 -1.38823529]
[-6.58055092 10.73345505 -0.2487395 ]
[-10.70187737   3.52991771   0.37647059]
[-2.26571899 10.23141194 -1.39159664]
[-8.3419567   6.90851581 -0.60392157]
[-9.16750076 10.68922557 -1.56862745]
[-7.00499973  8.85263032 -1.61568627]
[-8.46560294  6.45756347 -0.69803922]
[-7.61834161  7.93236193 -0.41882353]
[-4.46279545 12.30474466 -1.62941176]
[-9.89123675  8.68241511 -0.75882353]
[-12.32606895   2.70196332   0.61764706]
[-3.5278184   9.67319258 -0.28823529]
[-7.93511208  8.3021967  -0.79215686]
[-8.29885489 12.01501532  0.3372549 ]
[-8.68680876  6.34290687 -1.89019608]
[-5.55288623 11.92526818 -1.89803922]
[-5.24954309 11.29154885 -1.05882353]
[-12.30381717   4.36508071  -0.30588235]
[-11.26724812   5.33777418  -0.8627451 ]
[-4.51717935 11.81477256 -1.99215686]
[-11.158471     5.23402338  -1.94509804]
[-0.93239556  2.88948243 -2.03921569]
[-2.43311945 10.61098766 -1.92941176]
[-2.53399086 10.53584521 -1.47058824]
[-8.22390938  6.56443465 -1.55294118]
[-8.0962212   8.60315105 -0.64705882]
[-8.12638828 11.71073482 -1.05882353]
[-8.15234955  7.45931189  0.44705882]
[-7.77423781  8.41188788 -1.38823529]
[-2.83673404 10.0875798  -0.35294118]
[-7.28794082  6.47893488 -1.83529412]
[-6.72758001  6.61629525  0.        ]
[-6.52849693  7.94819011 -0.29411765]
[-4.35000556 10.15245649 -1.57647059]
[-3.91432842 11.28593944 -1.44705882]
[-7.36132118 10.05891814 -0.78823529]
[ 1.8629779   4.06024518 -1.08235294]
[-9.81375278  6.8750633  -0.12941176]
[-10.82673373   3.91450876  -2.07058824]
[-11.0847239    3.4016667   -2.04705882]
[-9.35119636  5.4847554  -0.61176471]
[-11.73752809   4.63987349   0.55294118]
[-10.78655839   5.01007567  -1.8       ]
[-9.44299429  9.06173479 -1.34117647]
[-10.66053738   6.57261183  -0.11764706]
[-6.22051459  9.65509275  0.16470588]
[-5.97031882 11.35289687 -1.01176471]
[-5.72968939 10.6546309  -0.89411765]
[-5.67317752 11.52165291 -0.91764706]
[-5.3944993  10.80388621 -1.10588235]
[-5.27716246 10.87946505 -0.37647059]
[-5.24660367 12.35040269 -1.69411765]
[-5.24635623 12.47979738 -0.72941176]
[-5.14590352 11.65239771 -1.01176471]
[-6.15001545  8.15435229 -1.55294118]
[-5.12876373  6.62502133 -0.47058824]
[-6.4026791   8.07288976 -1.97647059]
[-6.44801144 10.97532647 -1.45882353]
[-6.49417944  8.44749003 -0.65882353]
[-6.52380027 11.02337932 -0.44705882]
[-10.47051888   6.2494072   -1.45882353]
[-6.69949217 11.17222655 -0.68235294]
[-10.40536153   4.92846841  -1.92941176]
[-6.72548407  8.82845057 -0.63529412]
[-10.37915672   5.80438873  -1.92941176]
[-6.82449085  8.47533909 -0.68235294]
[-6.85519167  9.6993132  -0.65882353]
[-6.85417931  9.24940493 -1.67058824]
[-6.88066658  9.47545411 -1.38823529]
[-6.95447834 10.82053707 -0.51764706]
[-6.22654492  6.49700244 -1.92941176]
[-12.4216466    3.22243771   1.12941176]
[-12.40020513   5.37465117  -1.52941176]
[-2.37749699 10.77793106 -1.29411765]
[-12.37322003   4.35367893  -2.        ]
[-12.12023558   5.46907843  -1.81176471]
[-12.05484363   2.89463354  -0.94117647]
[-12.02456742   3.77482431  -1.31764706]
[-2.99889601  9.72926238 -0.51764706]
[-3.08035517 10.19684851 -1.50588235]
[-3.10519932  9.04538888 -0.16470588]
[-3.45116818 11.27998116 -1.52941176]
[-3.60027272  9.55327019  0.02352941]
[-11.37163769   5.27364935   0.42352941]
[-11.3793601    5.65488473  -0.47058824]
[-10.27008129   6.55442584   0.4       ]
[-3.99961066 12.04693773 -1.57647059]
[-4.05151114 10.40176183 -2.09411765]
[-4.16989644 10.25208417 -1.85882353]
[-4.27542343 10.8263813  -2.07058824]
[-11.20052465   4.05034636   0.63529412]
[-11.09912943   4.09649422  -1.88235294]
[-4.67079539  9.14992705 -2.09411765]
[-4.75448046 12.19779994 -1.45882353]
[-4.83034135 12.39463151 -2.07058824]
[-4.82130702  7.70360897 -2.04705882]
[-4.89450965 12.24907232 -1.78823529]
[-4.9268462  10.07712275 -1.74117647]
[-5.04766558 11.20237275 -1.67058824]
[-5.1014987   8.52938423 -1.05882353]
[-3.9458592   9.62932372 -0.04705882]
[-9.62338446  5.17335639 -1.17647059]
[-8.24956955 11.82485847 -0.25882353]
[-9.50215359  4.95506607 -1.88235294]
[-8.34731149  9.70446487 -1.01176471]
[-9.47629396  6.97811038 -1.90588235]
[-8.4780198   8.12777551 -0.68235294]
[-8.50036879  7.95584605  0.        ]
[-8.58091326  7.9308221  -1.24705882]
[-8.59815419  7.32420598 -0.87058824]
[-8.62753786 11.02988055 -1.38823529]
[-8.67338503  7.52152484  0.02352941]
[-9.44465481  5.52600388 -1.22352941]
[-8.72144804  6.25410116 -0.42352941]
[-8.77058278  6.87882137 -0.42352941]
[-7.02237324 11.03042491 -0.87058824]
[-8.82197002  7.22511514 -1.95294118]
[-8.85540722  5.06903258 -2.07058824]
[-8.87445305 12.22202781 -1.43529412]
[-8.92808226  9.32161096 -1.52941176]
[-8.95287202  9.52117611 -0.8       ]
[-9.4526668   6.04957476 -0.61176471]
[-9.45052155  6.28035251 -1.10588235]
[-9.21900042 10.45427185 -1.10588235]
[-9.25365483 12.35008689 -1.62352941]
[-9.27514846  6.42652327 -0.37647059]
[-9.29438342  4.70225295 -1.83529412]
[-9.31938762  7.65049778 -0.89411765]
[-9.37395287 11.87882074 -1.97647059]
[-9.40000541  4.89962558  0.09411765]
[-9.45079686  5.92721115 -1.76470588]
[-6.97552103  8.47109361 -0.02352941]
[-7.02758004  7.67712748 -1.22352941]
[-7.0766288  10.02283335 -0.35294118]
[-10.22728366   2.90254238  -0.02352941]
[-7.15368684 11.57796604 -0.30588235]
[-7.2549578  10.97316567 -1.05882353]
[-7.30342004 10.42381903 -1.17647059]
[-10.20140281   3.04802362  -1.27058824]
[-7.34518101 12.07109955 -0.91764706]
[-7.36902833 11.15216232 -0.8       ]
[-7.40559511 12.4017453  -0.96470588]
[-7.42842002 12.13095215 -0.25882353]
[-10.15450903   9.13053971  -0.96470588]
[-10.02777388   5.95582347  -1.34117647]
[-9.77025624  4.13083528 -1.01176471]
[-7.52152227  6.22148975 -1.71764706]
[-7.54613447  9.00398687 -0.89411765]
[-7.77265782 10.99574393 -1.17647059]
[-7.78080947  8.52120353 -0.11764706]
[-9.96964266  5.42050077 -2.09411765]
[-7.80476839 12.37712661 -0.42352941]
[-7.80333813  5.02922348 -2.09411765]
[-9.95154305  6.90372639 -0.75294118]
[-7.8707012   8.75565459 -1.52941176]
[-7.87702289  7.60545113 -2.07058824]
[-7.95392136  8.0021759  -1.88235294]
[-9.92100053  3.82153963 -0.63529412]
[-8.00116643 11.17513174 -0.44705882]
[-8.04804133  9.84421579 -0.44705882]
[-8.15332397  8.42074486 -1.90588235]
[-7.53033877  7.66981606 -1.78823529]
