[ 0.95424335  3.12815851 -1.16145108]
[ 3.1526829   2.75591383 -1.68702659]
[-6.64690308 -4.53482087 -1.88529412]
[-8.6944684  -9.12567869 -2.00672269]
[-0.95458866  2.90812966 -1.95294118]
[ 1.94224956  3.62336666 -1.85294118]
[ 1.05446423  3.016583   -2.03137255]
[ 1.83837834  4.11164773 -1.15294118]
[10.79051559 11.0777653  -2.15294118]
[ 1.40319349  4.97342927 -1.67058824]
[12.32183263  4.54511822 -2.14117647]
[ 9.6260125  12.14736822 -2.18823529]
[11.03078416 10.10464565 -2.14117647]
[11.14698909 10.52446481 -2.11764706]
[11.43090992  9.9783842  -2.16470588]
[11.76965742  9.52808457 -2.11764706]
[12.00540693  9.19584279 -2.11764706]
