[ 8.72448409  6.54579168 -0.54392545]
[ 1.13938316  3.09350773 -1.18398418]
[-11.07664675  10.66915664  -0.62247998]
[ 4.78639772 11.87388201  0.18637483]
[-12.09023173  10.82428003  -0.92941176]
[9.47073438 7.98578943 0.4371517 ]
[-12.20366478   9.11858124  -1.81176471]
[ 2.15261013 12.10740592 -1.57058824]
[11.70247714  6.23979274 -0.16323529]
[-8.78524112 12.30067781 -1.08039216]
[-12.21165649  11.47403397   0.5254902 ]
[-11.26303693  11.40931402  -1.49304813]
[10.26373351  6.47147529 -0.17352941]
[12.26355393  6.59774148  0.18487395]
[12.24870343  2.05679744 -1.28403361]
[-11.20327535  12.15577342  -1.31372549]
[ 7.96599108  9.77188863 -1.17254902]
[-9.71905736 11.0701824  -0.61568627]
[ 9.54404091 10.7721291  -2.02352941]
[ 3.00405101 12.36625225  0.45882353]
[ 7.71320762 10.46067889 -1.08627451]
[-12.30579588  10.40774966  -0.81960784]
[ 5.23370009 10.66834981 -0.28235294]
[12.41244459  2.66498528 -1.69411765]
[10.20937834  6.89330497  0.52235294]
[ 6.53647258  9.26547207 -0.89882353]
[-7.45787821 11.7105183  -1.88705882]
[-12.11474324  12.22560951   0.35294118]
[ 9.6012268   7.60965961 -1.85411765]
[11.17448303  7.71397176 -0.07058824]
[12.34201854  4.46409899 -1.87058824]
[10.58596437  7.0123885  -1.45294118]
[-11.11840465  10.2270881   -0.74117647]
[-12.16787594  11.98095717   0.84117647]
[ 6.03715213 11.07906227  0.52941176]
[ 7.56790133  7.42216767 -1.35294118]
[ 1.33885972 12.11260941 -1.60588235]
[ 8.21079993 10.17233904  0.38431373]
[ 8.87134762  9.07605602 -0.98823529]
[ 6.13255019  8.09741714 -2.02352941]
[-11.19668536  12.35946594  -2.04705882]
[12.28466611  4.63058847 -0.79215686]
[-11.42338253  11.52505998  -1.19215686]
[12.29024008  5.08222218 -1.64705882]
[10.60843142  7.74122895  0.01568627]
[11.97518753  5.31027141 -0.70588235]
[12.07376684  7.24802964 -0.32941176]
[12.08838066  4.88750998 -0.94117647]
[ 7.40174643 10.68311681 -0.47058824]
[7.36266188 7.86313716 0.75294118]
[12.3749927   5.22302039 -1.01176471]
[ 7.26071468  7.8727651  -1.78823529]
[ 7.01487066 10.80352858  0.49411765]
[ 6.86407675 11.1724242  -0.4       ]
[ 6.87596323  8.43656989 -1.05882353]
[12.36705045  3.2628977   0.75294118]
[12.41353433  1.34840933 -1.43529412]
[ 6.4424063  10.61626181  0.50588235]
[ 6.2596815   8.95094658 -1.17647059]
[ 7.28582118  7.71010757 -1.50588235]
[ 9.66164588 11.376618   -2.09411765]
[9.77404246 7.71439789 0.85882353]
[ 9.92767878  6.47138124 -1.54117647]
[10.27481857  7.07713052 -0.05882353]
[10.28738721  6.50345757 -1.90588235]
[ 8.66155199 10.38793973 -1.        ]
[ 8.52636428  9.69216326 -1.78823529]
[ 7.67345943 11.11617846 -0.47058824]
[ 8.35272335 10.04976949 -1.47058824]
[ 8.23450857  7.97518615 -1.96470588]
[10.77651422  7.37814999 -0.09411765]
[8.22404124 9.00932943 0.09411765]
[11.32522329  5.18645853 -1.89411765]
[11.58414712  5.96564665 -0.61176471]
[11.52285665  7.07336856 -0.24705882]
[11.72634563  7.55090344 -0.02352941]
[8.41352248 7.65886152 0.70588235]
[-11.59921022  10.11476702  -0.76470588]
[-11.69171006  11.3875195   -0.25882353]
[-8.77959392 12.36181192 -1.85882353]
[-7.65198453 12.23794096 -1.94117647]
[-9.07349676 12.44572667 -1.97647059]
[-7.1767587  12.28825101 -2.04705882]
[ 1.89805308  4.12844821 -1.31764706]
[-11.77464372  11.98355163  -1.76470588]
[ 4.86155906 12.17363876 -0.38823529]
[-10.15338079  11.22724135  -0.4       ]
[-11.45434336   9.68611585  -1.47058824]
[-10.32762993  12.35467213  -1.81176471]
[-11.74932535  11.38462713  -0.92941176]
[-11.25353053  12.44798088  -1.63529412]
[-11.40364519  11.18567712  -1.08235294]
[12.47587413  2.27179053 -1.57647059]
[-11.40166657   9.76036487   0.90588235]
[10.22975444  5.95237869 -1.55294118]
[11.12899051  7.73032477  0.25882353]
[11.15472955  6.94768654 -1.45882353]
[11.22586699  4.54708851 -0.16470588]
[-11.55355626  12.32832481  -1.45882353]
[-11.55288538  10.47166092   0.94117647]
[-11.25594307  10.80549277  -1.64705882]
[11.34623564  7.00142476 -0.61176471]
[10.09824859  5.7960279  -1.22352941]
[10.07399714  6.87463562  0.09411765]
[-11.25336712  11.65019271  -2.07058824]
[11.2731633   2.17831552 -2.09411765]
[-11.5216601   12.45518366  -0.25882353]
[10.269284    3.52971241 -2.11764706]
[10.94454252  6.80031535 -0.49411765]
[10.95463659  5.32699049  0.35294118]
[11.39795501  7.92786552 -0.68235294]
[10.77311788  5.6250456   0.54117647]
[10.72849261  6.13032056  0.        ]
[10.43036551  7.29402823  0.18823529]
[10.67828198  7.27400909  0.65882353]
[10.65494849  5.8547773   0.09411765]
[10.6215129   5.84469729 -1.34117647]
[10.63081343  2.94657901 -2.18823529]
[10.96954108  2.37319168 -1.81176471]
[-11.8791382   11.62634487  -0.04705882]
[-11.92566985  11.17054432  -2.02352941]
[12.25529448  0.74744226 -2.04705882]
[-12.00403853   8.94864264   0.11764706]
[-12.07959587  11.72090941  -1.64705882]
[12.27298501  6.21906913 -0.49411765]
[-12.22891516  10.50342872   0.65882353]
[11.55421302  2.89554713 -2.16470588]
[-12.25355265  10.39608797  -0.25882353]
[12.34877198  4.92359932 -1.24705882]
[-12.42029755  11.64698881  -1.05882353]
[12.40468196  2.20226531 -2.02352941]
[12.40054799  4.24790481  0.18823529]
[12.42077427  5.4041852  -0.4       ]
[12.47775148  1.89887871 -1.74117647]
[12.46942457  5.80132925 -0.30588235]
[-12.24675818  11.99951797  -1.64705882]
[11.52007223  5.47933216  0.51764706]
[ 9.921446   10.9204754  -2.11764706]
[11.57810865  3.65572314 -0.49411765]
[11.60371676  2.35326534 -2.04705882]
[11.62328879  5.15211294 -0.51764706]
[11.66980666  6.44469528 -0.16470588]
[11.68021077  8.00466052 -0.11764706]
[-11.75418267  11.77429124   0.72941176]
[-11.85403067  11.94630143  -1.29411765]
[-11.75515449  11.69458371  -1.52941176]
[11.94966981  4.12426679 -0.11764706]
[11.95300303  5.07241112  0.14117647]
[12.02538411  3.62649861 -0.25882353]
[12.0486709   2.87385366 -2.04705882]
[12.0750969   2.42836478 -1.83529412]
[12.07849399  3.80172529 -2.14117647]
[12.12164405  4.82918567  0.23529412]
[11.75381053  8.31976412 -0.68235294]
[ 7.06991899 10.7269305  -0.11764706]
[ 5.57363577 11.67649064  0.14117647]
[ 5.19996323 10.79837736  0.30588235]
[ 7.27210419  8.19771521 -1.88235294]
[ 4.55566023 11.72927947  0.77647059]
[ 3.95187193 11.20030576 -0.47058824]
[ 7.52440471  6.42498535 -1.81176471]
[-10.98099359  11.07664541  -2.02352941]
[ 1.42992011 12.44840218 -1.57647059]
[ 7.80321429 10.29603801 -0.18823529]
[ 7.87560255  9.62542425 -2.        ]
[ 7.89875756 10.97478921 -1.01176471]
[ 8.00281416 10.42464845 -1.64705882]
[ 8.06945048 11.27257687  0.28235294]
[ 8.09701773  8.12631086 -1.29411765]
[ 8.12305196  8.59881048 -0.25882353]
[ 7.67345796 10.17491841 -1.34117647]
[ 6.14607186 12.48086781  1.22352941]
[ 6.27285704 10.37107157 -0.35294118]
[ 6.29578585 10.04834344 -0.35294118]
[ 6.40034519  8.17923632 -1.76470588]
[ 5.95430618 11.27670426  0.28235294]
[ 6.42521344 12.47886911  0.04705882]
[ 5.87673402  8.37160692 -0.98823529]
[ 5.59858711 11.38020978  0.02352941]
[ 6.65023233  8.52216627 -1.55294118]
[ 6.65359931 10.78086628 -0.47058824]
[ 6.72919866  9.77287158 -0.47058824]
[ 6.72179474 10.25587739  0.58823529]
[ 5.67716093 12.17342552 -0.28235294]
[ 6.77889512  8.13065539 -1.95294118]
[ 5.65054524 10.74922224 -0.14117647]
[ 6.97285041  9.86925714 -0.25882353]
[ 6.49598516  8.35389351 -0.37647059]
[ 9.02105941  5.64737344 -2.02352941]
[ 9.12601033  8.75076251 -0.77647059]
[ 9.15583063  6.27306658 -1.03529412]
[ 9.17303329  2.95378121 -2.16470588]
[ 9.16938377  7.92737807 -1.55294118]
[ 9.23080059  7.02343661 -0.51764706]
[-10.65431116  11.77555921  -1.50588235]
[ 8.14466887  9.42372298 -1.12941176]
[-10.74840442  12.16987341  -1.50588235]
[ 9.67911687  7.42541082 -0.63529412]
[-10.92867262  11.99910007  -1.92941176]
[ 9.80251326  6.60185324 -0.28235294]
[ 9.82222623  5.8485886  -0.56470588]
[9.87820887 6.60469729 0.28235294]
[-10.9704435    9.37162857  -1.64705882]
[ 9.92207836  8.14933256 -1.05882353]
[9.52924121 7.57931705 0.56470588]
[-7.67148117 11.30261275 -1.76470588]
[-7.96976983 12.29618266 -1.92941176]
[ 8.2238617   9.75175109 -1.97647059]
[ 8.25053995  7.86917494 -0.51764706]
[ 8.27553504  9.72965814 -0.07058824]
[ 8.32507531 10.09757529 -0.84705882]
[8.40177585 9.72553512 0.35294118]
[8.85230581 6.07397194 0.32941176]
[ 8.47620198  5.70247281 -2.09411765]
[-9.57149544 10.87012162 -1.76470588]
[ 8.50476605  4.49677121 -2.14117647]
[ 8.52040191  9.75389237 -0.28235294]
[-9.62629442 12.40027513 -1.34117647]
[ 8.55096388 10.52513949 -1.52941176]
[-9.82450164 10.75265599 -1.01176471]
[ 8.7547347   8.65522939 -1.05882353]
[ 8.45346039  9.47561493 -0.16470588]
