[ 1.043475    3.10991814 -1.15813627]
[ 3.16616018  2.71228903 -1.67269777]
[ 9.77787259 -5.70945198 -1.68403361]
[11.49739402  9.10088429 -2.11176471]
[12.02463615  8.33118558 -2.11764706]
[12.37333962 12.20913328 -2.1       ]
[-12.10800485  -7.78378999  -1.96078431]
[11.15221088  9.79262636 -2.13333333]
[11.7011032   4.97729142 -2.11764706]
[ 9.74786449 11.79097837 -2.10588235]
[10.9511382  10.18704953 -2.10588235]
[12.44628489  2.92002947 -2.07058824]
[12.04682782  3.96981771 -2.16470588]
[11.85319007  4.35577582 -2.11764706]
[11.1965212   5.94551287 -2.16470588]
[10.62742827  7.42025738 -2.18823529]
[10.54934786  6.3992977  -2.16470588]
[10.42531558 11.14672235 -2.07058824]
[ 9.42161609  8.64690495 -2.04705882]
[ 9.15338143 12.40395063 -2.16470588]
[ 8.80296758  5.45578921 -2.16470588]
[ 2.07816109  3.77882301 -1.78823529]
[ 1.90448147  4.07560858 -1.27058824]
[ 0.47265251  2.69487287 -2.02352941]
[12.37525091  7.09631797 -2.16470588]
