[ 0.93652775  3.13600606 -1.10379329]
[ 3.10440931  2.80186259 -1.62032646]
[ 1.77653478 -4.83866419 -1.49346405]
[11.19577158  8.49633522 -2.09495798]
[11.9282036  11.60377686 -2.06235294]
[ -3.5662189  -10.99862014  -1.94039216]
[ 9.46448472  8.03955423 -2.12192513]
[ 9.2759697  11.36698163 -2.1254902 ]
[12.36917228  6.19901866 -2.05882353]
[12.37995239 -0.14925932 -2.08235294]
[10.97406086  5.70699018 -2.08235294]
[11.8749924   3.35777622 -2.14901961]
[ 11.09710528 -10.59364734  -2.14901961]
[10.67880088  6.23670887 -2.10588235]
[11.99956385  2.7717343  -2.14117647]
[11.64610409 -5.11215159 -2.15294118]
[11.35281608 -1.07232931 -2.04705882]
[11.4528147   5.02208562 -2.12941176]
[ 9.81463764 10.69051806 -2.11764706]
[ 8.55013703 11.88714842 -2.07058824]
[12.38411684  1.47765769 -2.09411765]
[ 1.88762993  4.24915005 -1.64705882]
[12.2262858  -3.18875156 -2.11764706]
[12.09602398 -3.54756842 -2.04705882]
[12.05131022 -4.04673676 -2.14117647]
[12.15581397 -9.02261495 -2.16470588]
[11.40038668 -9.47360848 -2.16470588]
[11.77892279 -9.67781186 -2.11764706]
[11.62622453  4.02846973 -2.02352941]
[12.32781586 10.17481485 -2.02352941]
[12.34625203 -8.00184307 -2.14117647]
[11.57943633 -5.45143056 -2.14117647]
[12.40568059 -8.4195918  -2.14117647]
[12.42062388  2.19556179 -2.11764706]
[-4.77669421 -3.59931653 -1.62352941]
[ 1.75120664  4.09657622 -1.22352941]
[ 2.25163768  3.3537468  -2.11764706]
[ 8.650933    6.6280324  -2.14117647]
[ 9.624974   -4.22055286 -2.16470588]
[ 9.69584835  4.79648567 -2.16470588]
[ 9.75076963 -0.38000225 -2.16470588]
[ 9.95147181 -4.17406565 -2.07058824]
[12.42561501  1.07599706 -2.18823529]
[ 10.00309915 -11.57887597  -2.14117647]
[10.0245891  -8.87870504 -2.09411765]
[10.1775997   7.00349758 -2.11764706]
[10.44588164  2.87439594 -2.11764706]
[10.49808529  6.55244165 -2.16470588]
[10.570236    2.02180324 -2.14117647]
[11.02620558 -0.38040969 -2.16470588]
[11.12576972 -6.29445254 -2.07058824]
[ 11.32071697 -10.27108659  -2.09411765]
[ 9.97185516  4.20468168 -2.09411765]
