[ 0.75023059  3.04536884 -1.11113603]
[ 3.17990454  3.13427964 -1.43540779]
[ 0.44073286  7.06807805 -1.42895928]
[12.3015109  12.32294616 -2.09411765]
[ 1.92450778  4.07806016 -1.41176471]
[12.07454734  8.68670367 -2.10588235]
[10.43831278 11.08570603 -2.12941176]
[11.18559905 10.18645443 -2.11764706]
[12.45525141  2.6531431  -2.11764706]
[11.65066439  9.14639821 -2.09411765]
[11.52482908  6.33060582 -2.09411765]
[12.44812008 11.6284877  -2.09411765]
[ 9.45519263 12.02712961 -2.14117647]
[ 7.87432324  5.4528261  -0.35294118]
[ 0.70491128  2.2771627  -1.81176471]
[-3.67418292  1.64485705 -0.91764706]
[ 9.84555754  2.60411468 -2.09411765]
