[ 0.70890298  3.04978739 -1.07209837]
[ 3.12043416  3.45412666 -1.24259786]
[ 3.17183197  2.7443527  -1.64948454]
[11.69599556 11.52365721 -2.03937575]
[-0.87675055 10.0542715  -1.59109698]
[10.77630527  8.9227419  -2.07320261]
[12.03578079  8.04634203 -2.11764706]
[10.22803306  9.54948798 -2.09705882]
[ 1.92347821  4.1685164  -1.31428571]
[12.13113847  7.36740831 -2.10588235]
[ -3.44601892 -12.00143556  -1.92941176]
[12.30766826  0.88608924 -2.1254902 ]
[11.45624215  8.41915498 -2.09411765]
[ 9.63383136  8.25068375 -2.14117647]
[12.34709033  2.34896651 -2.1254902 ]
[10.17386662  3.01259918 -2.14117647]
[10.73664853  1.33799718 -2.11764706]
[11.22741007  5.24684066 -2.09411765]
[12.0839955   3.00375118 -2.12941176]
[ 0.4662283   2.68571125 -1.94117647]
[10.54472444  2.93077268 -2.11764706]
[10.83005932  0.3516058  -2.09411765]
[ 8.79645127 11.27325905 -2.18823529]
[10.92380358  6.42348289 -2.14117647]
[10.94959517  0.62241954 -2.18823529]
[ 8.65014949 11.52585743 -2.07058824]
[ 8.40529433  7.27909416 -2.16470588]
[ 2.52462742  2.98096999 -1.48235294]
[12.37455075  1.62666622 -2.14117647]
