[ 4.15998391  9.07889853 -0.62249632]
[ 0.76111504  3.10873049 -1.15745524]
[ 3.15406595  3.22920401 -1.49644323]
[-4.79270403 11.12575539 -1.39200823]
[-2.45822881 11.80669808  0.199544  ]
[-11.37424058  11.02880478  -0.79760718]
[-4.28399906 12.14526586  0.42300654]
[-2.52464899 12.21328092 -1.54077079]
[ 3.70395549 10.59687308  0.29208925]
[-12.2392848   11.45716266   0.06751918]
[-12.22017068  10.27762561   0.01604278]
[-0.93646272 11.49649654 -1.72727273]
[-11.17353815  11.23396636   0.6       ]
[-7.47909703 11.96406744 -0.40840336]
[-12.205762     9.68668893   0.32036199]
[-11.67088806  11.16736453  -1.77112299]
[ 1.95864201 11.64584048 -0.2802139 ]
[-5.83810551 12.08788014 -0.13882353]
[ 0.70558031  9.11043041 -2.01568627]
[-0.13681972 11.40489306 -1.72941176]
[-11.95186337  11.48877902   0.70294118]
[-0.89386963 11.85612101  0.35294118]
[ 6.6471925  11.38072693 -0.4       ]
[ 9.99270935  9.42200977 -0.48403361]
[5.78734025 9.7356176  0.0907563 ]
[ 6.73062813 10.67482577 -0.4907563 ]
[ 8.8786472  10.49192702 -0.77983193]
[ 5.21198467 11.11225779 -0.34117647]
[ 4.70018987 10.30156299  0.10196078]
[-5.98631321 11.91851667 -2.00392157]
[12.01104137 10.93264591 -0.98431373]
[-11.7134272   11.15477348   0.24      ]
[-11.39793661  12.04894883  -0.08941176]
[ 9.40831751 10.26063439 -0.69647059]
[-2.09033215 11.64825475 -1.92470588]
[ 5.92045622 11.17545068 -0.58235294]
[ 6.36420598 12.06819988 -0.2       ]
[-5.23907299 12.29618439 -0.80588235]
[ 7.35228854  9.14755504 -1.02941176]
[ 6.99131179  9.24251184 -0.75294118]
[-6.48386851 11.55685559 -1.02352941]
[11.31045581  9.48989457 -1.07647059]
[ 9.95601155  8.49849182 -1.18235294]
[ 1.53729852 11.07004845 -0.60588235]
[10.52849753  9.69211532 -1.67647059]
[-0.3484525  11.98448639  0.35294118]
[-0.37725444  9.45287875 -2.03921569]
[11.19444711  7.34144174 -1.08235294]
[-1.28507191 11.15667101 -1.3254902 ]
[ 7.56607052e+00  8.80971844e+00 -7.84313725e-03]
[ 5.54947423 10.04876921 -0.44705882]
[10.67691797  8.78770893 -1.19215686]
[ 1.26558347 11.54716612  0.54117647]
[-12.21470235   9.24594759   0.5254902 ]
[ 1.92621404  4.20099419 -1.51372549]
[ 9.17491933  7.00777284 -0.07058824]
[ 1.99807115 10.69457315 -0.49411765]
[ 1.64009948 12.22507216 -0.38431373]
[-10.84510393  11.42409721  -1.30980392]
[-11.31419212  11.86041166   0.72941176]
[ 7.72225094  9.32577529 -1.35294118]
[-12.35913495   9.2236587   -1.45882353]
[ 7.51595761  9.25352427 -1.96470588]
[-12.38766231  11.24834313  -1.94117647]
[-1.80222598 10.10106768 -2.02352941]
[-1.27527671 10.97555523 -0.21176471]
[10.99526068  7.96227897 -0.70588235]
[ 9.36007557  8.84936401 -2.12941176]
[7.2619579  7.28485515 0.34117647]
[-12.39992236  10.06254977  -1.02352941]
[ 7.19945063 11.98906202  0.        ]
[-0.56113933 10.8007943  -1.76470588]
[ 7.12886148  8.8033334  -0.95294118]
[ 7.08351881 11.7763663  -0.32941176]
[ 0.62703522 11.96173826  0.16470588]
[-11.76382509  11.32178568  -0.32941176]
[-11.91324484  10.5256672   -1.81176471]
[-11.66201975  11.71140989   0.32941176]
[-5.02703549e+00  1.24141115e+01  1.17647059e-02]
[ 8.67488448 10.59670063 -1.25882353]
[-4.66211499 12.02634574 -1.96470588]
[ 8.35051792 11.45834218 -1.17647059]
[-4.55867851 12.13674654  0.        ]
[-5.88465274 11.27235701  0.22352941]
[ 1.01516899  8.52359392 -1.95294118]
[ 8.11168999  8.43760217 -2.        ]
[ 1.53735044 12.13295919 -1.49411765]
[ 6.1285441   8.79961077 -0.17647059]
[-12.26398493  12.10395307  -1.75294118]
[-1.22759404e+01  1.23774388e+01 -1.17647059e-02]
[ 6.12615429 10.50852316 -0.45882353]
[-2.70042472 11.27783689 -1.21176471]
[ 2.04785742  3.50022233 -1.84705882]
[ 5.77044831  9.12191511 -0.61176471]
[ 5.47330279 10.6498411  -0.21176471]
[ 6.39823138 10.42443524 -0.61176471]
[ 5.12732839 11.69777359 -0.56470588]
[ 6.50494693 11.85302623 -0.4       ]
[ 6.06931172  7.77955657 -0.96470588]
[ 6.95271972 10.37296134 -0.68235294]
[5.09825803 9.95071526 0.16470588]
[ 6.57833714  9.6047737  -0.94117647]
[ 6.74558318  9.12829648 -0.23529412]
[ 6.10031971  9.27452833 -0.68235294]
[ 7.00314843  9.4049075  -1.36470588]
[ 8.75494698 10.42451803 -0.30588235]
[ 8.90252694  7.51942696 -0.47058824]
[ 8.99719041 11.12565588 -1.62352941]
[ 9.36919858  8.07960604 -1.92941176]
[ 9.59827933 11.69991257 -1.6       ]
[9.74400044 7.12262997 0.02352941]
[ 9.74801741  9.09671719 -2.09411765]
[ 9.80356964  7.94441669 -0.09411765]
[ 4.92448516 10.12242597 -0.54117647]
[ 9.9548295  10.0192811  -0.42352941]
[10.08075016 10.60136535 -0.77647059]
[10.22400914 10.10240883 -0.61176471]
[10.49984643 10.8718972  -1.15294118]
[10.77202153  8.35351685 -1.22352941]
[10.82309974  9.17441085 -1.15294118]
[10.87356419  7.20379556 -1.88235294]
[11.02419043 10.04480359 -1.55294118]
[11.32978047 10.0720448  -1.10588235]
[ 9.82411034 10.27539526 -0.77647059]
[ 7.02811975  8.62347356 -1.45882353]
[ 7.27499095  8.82655724 -1.48235294]
[ 7.27454878  9.57207742 -1.17647059]
[ 7.35468845 12.20591631 -0.23529412]
[ 7.37423821 10.14608758 -1.22352941]
[ 7.44463537  8.52039164 -0.47058824]
[ 7.52445628 12.22099284  0.16470588]
[ 7.71997627  9.60025381 -0.82352941]
[8.59606941 9.02062861 0.89411765]
[ 7.92161069  9.37991856 -1.88235294]
[ 7.95384434  9.27204951 -0.72941176]
[7.96996438 9.55062727 0.58823529]
[ 8.02493478  7.34879219 -1.97647059]
[8.02381835 9.72446277 0.32941176]
[ 8.05222149  8.4456102  -0.30588235]
[ 8.09738977  9.17172709 -2.07058824]
[ 8.15443769  8.87494014 -1.92941176]
[ 8.20198875 10.20218197 -0.54117647]
[7.87583082 8.57930043 0.35294118]
[-8.2468973  12.47813463 -0.30588235]
[-7.85240051 12.2750883  -0.63529412]
[-7.52588374 12.44533205 -0.70588235]
[-6.69807927 12.42221625 -0.42352941]
[-6.09871248 12.37712895 -0.42352941]
[-5.57711107 12.37397273 -0.91764706]
[-5.55321378 12.37146495  0.68235294]
[-5.29761236 12.3473022  -2.07058824]
[-5.10570806 11.74921064 -1.81176471]
[11.49755777  9.97953352 -1.57647059]
[-4.70103796 11.82991015 -0.09411765]
[-4.60253955 12.46994364 -0.14117647]
[-4.42811865 11.67521397 -2.09411765]
[-4.20021655 12.04965345 -1.85882353]
[-4.0282887  11.94884222 -0.51764706]
[-3.80367556 12.3461326  -1.55294118]
[-3.67936709  1.10004514 -1.03529412]
[-3.5779671  11.44586977 -2.02352941]
[-3.35530458  9.65191984 -2.09411765]
[-2.65231931 11.88032968 -0.89411765]
[-5.05576068 12.09711241 -1.67058824]
[-12.50059595   7.45050425   0.        ]
[-12.5039625   11.92855983   0.91764706]
[-12.47187259  10.11967167  -1.31764706]
[-12.4799488   11.25184651   0.68235294]
[-12.44524079   8.38009002  -2.16470588]
[-12.45152182   8.95409191  -1.97647059]
[-12.44896732  11.94617096   0.        ]
[-12.42405941   9.94496032  -0.49411765]
[-12.3782982    9.48066771  -2.02352941]
[-9.05470318 12.47613555  0.07058824]
[-12.34863911  12.37230515  -1.48235294]
[-12.17977988  10.32573337  -1.69411765]
[-12.16955699  12.12106588   0.18823529]
[-11.84999234  12.01944258   0.07058824]
[-11.67252661  12.0009947   -1.78823529]
[-11.65271873  11.65345358  -0.56470588]
[-11.44403473   9.88096871   0.16470588]
[-11.3535511   10.17171755  -0.32941176]
[-11.27241337  10.29599029  -1.03529412]
[-10.23007182  11.3003491   -0.70588235]
[-12.37429346  11.72584752  -2.04705882]
[ 0.19857843 11.77887713 -1.27058824]
[ 0.22068725  9.74844307 -1.64705882]
[ 0.22922913 11.8450067   0.30588235]
[ 0.42389436 12.44711579 -1.45882353]
[ 0.48064302 12.17186099 -0.54117647]
[ 0.57248539  9.8517659  -1.83529412]
[ 0.67467094 12.13034638 -0.21176471]
[ 0.82781043 12.27360568 -1.01176471]
[ 0.86940846  9.49670095 -0.54117647]
[-2.58029899 10.54735912 -1.85882353]
[ 1.30444385 11.72831553 -0.65882353]
[ 1.42013389 12.09536412 -0.98823529]
[ 1.90374381 10.97366787 -0.25882353]
[ 2.15161801 10.95547075 -1.31764706]
[2.4484635  8.77709409 0.04705882]
[ 3.14541276  9.32589358 -0.35294118]
[ 3.27836407 11.09965021 -0.16470588]
[ 3.57247441  9.39679168 -0.30588235]
[ 3.80108872  9.75124261 -0.37647059]
[ 3.92211571 10.22190358 -0.54117647]
[ 0.94404421 10.62100834 -2.02352941]
[-2.57496434 10.99588425 -0.28235294]
[-2.50133695 12.45157552  0.84705882]
[-2.44710986 11.47257607  0.37647059]
[-2.344789   11.92079735 -1.01176471]
[-2.27248984 10.75111923 -0.63529412]
[-2.19486209 11.2708525   0.28235294]
[-2.19732407 11.8781409  -0.56470588]
[-1.88013838 10.83049738 -0.82352941]
[-1.29978861 11.22277986  0.        ]
[ 0.17478231 11.54856144  0.18823529]
[-1.22161363 12.10158324 -1.38823529]
[-0.92086589  2.84850111 -2.07058824]
[-0.92521344 10.85387554 -0.21176471]
[-0.84689347 12.32185732  0.23529412]
[-0.72825488  9.32379323 -1.85882353]
[-0.62338176  9.07433569 -2.11764706]
[-0.62409157 10.77409408 -1.12941176]
[-0.08088903  9.17959595 -0.30588235]
[-0.02427318 11.79659541 -0.14117647]
[ 6.59913288e-04  1.13233777e+01 -8.47058824e-01]
[-1.24850361  9.72089151  0.14117647]
