[ 1.06092741  3.09718271 -1.12663033]
[ 3.22542894  2.68171136 -1.65945005]
[ 6.99195982 -6.03089199 -1.66187364]
[12.01367531 11.77676853 -2.06606335]
[11.46856885  8.44772139 -2.10380623]
[10.71429926  9.55934428 -2.11176471]
[12.22866063  7.43311655 -2.08627451]
[12.23903008  6.80396195 -2.08823529]
[11.8183021   2.94624481 -2.09411765]
[12.13645223  1.78513537 -2.13333333]
[12.02473656  2.46335348 -2.08235294]
[11.77384246  1.96549571 -2.08235294]
[11.5642273   4.5998973  -2.08235294]
[-0.93735939  2.93379261 -2.08235294]
[10.35191222 10.42619921 -2.09411765]
[10.1503257  10.8238896  -2.07058824]
[10.49985692  2.8464654  -2.11764706]
[ 9.94667258  7.77419816 -2.11764706]
[11.12295278  5.8538768  -2.07058824]
[11.31925805  5.25352121 -2.11764706]
[ 9.9473076   4.17670233 -2.18823529]
[ 9.58041576  8.12261311 -2.16470588]
[ 9.40070323 11.6227341  -2.09411765]
[ 8.82761201  6.571891   -2.14117647]
[ 8.2491775   6.70452812 -2.11764706]
[ 1.92439285  4.07178615 -1.17647059]
[-0.34514391  3.94746069 -2.09411765]
[12.44551858 -2.77772214 -2.11764706]
[12.22712555 -4.77767787 -2.18823529]
