[ 8.51136611  6.65784364 -0.53767149]
[ 0.74102681  3.07423049 -1.09157442]
[ 3.13807233  3.17391124 -1.45758203]
[-11.55967202  10.64650267  -0.77265501]
[ 4.26324657 11.87171793  0.20555915]
[-9.80414653 11.9996021  -1.56658142]
[-12.2184249    9.0440014   -0.63345588]
[ 7.30092438 10.45230844 -0.59472617]
[-9.03238467 12.2852578  -0.73936652]
[ 1.2544568  12.28826352 -1.40641711]
[ 2.05562976 11.38536987 -1.27372549]
[12.26716701  4.9413074  -1.81176471]
[-10.61310056  11.50641888  -0.84524887]
[-10.90825245  11.6335946   -1.52      ]
[11.80279054  6.89657599 -0.13411765]
[-11.21362654  12.36570573   0.88366013]
[12.05846189  5.83375718 -0.47058824]
[-10.57478463  11.16271148  -0.25098039]
[-10.86245181   9.96844158  -1.05294118]
[8.13095409 9.02787907 0.48235294]
[-11.42003841  12.23533254   0.15882353]
[ 1.23226116e+01  7.54662192e+00 -6.72268908e-03]
[-12.0320479   10.84706347  -1.44201681]
[ 7.49441491  9.19466584 -1.06890756]
[ 2.18236525 12.26748219 -1.77815126]
[1.00944212e+01 7.49653229e+00 1.00840336e-02]
[ 9.62312157  6.39497636 -1.79607843]
[ 7.74140708  8.08863368 -1.4745098 ]
[-10.44715156  10.91824014  -0.82352941]
[-10.19816612  10.60539313  -0.55058824]
[-7.53662238 11.37580063 -2.05176471]
[-0.96804031  2.92748904 -2.03294118]
[ 7.76272131 10.44427432  0.19294118]
[ 5.89458602 10.74493715  0.04235294]
[ 8.0959253  10.60545607 -1.46352941]
[12.43501004  2.41325845 -1.28941176]
[-11.87601086   9.55007991  -0.65411765]
[ 8.3741086   8.81630821 -1.88235294]
[-8.23698527 11.9586616  -1.97058824]
[11.40447342  5.61679413 -1.08823529]
[-12.40264978  10.27037989  -1.18235294]
[ 9.37643688  8.01270823 -1.57058824]
[-10.89846775  12.42587923  -0.34705882]
[12.43388295  4.99353992  0.67647059]
[-11.60909495   9.83574765   0.95294118]
[ 6.84268884 10.33067539  0.31176471]
[-11.41217916  10.21747479   0.53529412]
[9.94197302 7.18310674 0.43137255]
[11.4090466   7.64252399 -0.35294118]
[-8.15558983 11.38840171 -1.96078431]
[ 6.42381098 10.45083895  0.47843137]
[-12.24902634  11.28827106   0.91764706]
[10.57324395  7.63433326 -1.35686275]
[8.60738239 9.258812   0.44705882]
[ 7.61635183  9.40192013 -1.3254902 ]
[11.93513432  6.61472645 -0.49411765]
[10.35325423  7.40841471 -1.65490196]
[-11.87234899  11.9978544   -2.07058824]
[ 8.59870933  7.40399449 -1.61176471]
[ 3.11191372 11.8985926   0.54117647]
[ 9.77618423  6.92778248 -0.11764706]
[12.42976814  5.38687157 -0.08235294]
[ 6.3904844  10.26556234  0.07058824]
[10.85242318  7.03735017 -0.43529412]
[-12.36123803  10.59912276   0.71764706]
[-12.3888672    9.30022325   0.21176471]
[ 0.61470032 12.46196822 -1.42352941]
[12.41163164  5.15843043 -0.88235294]
[ 1.02772256 12.23863101 -2.08235294]
[ 5.13563689 10.83929651 -0.04705882]
[-12.43571599   8.52303322  -1.77647059]
[10.36031819  5.16536916  0.68235294]
[ 2.04608719  3.78581894 -1.91764706]
[12.39665763  4.00212433 -2.10588235]
[ 7.77643821 10.00218365 -0.15294118]
[-11.11376024  12.21216839  -1.92941176]
[-11.83721095   9.23638963   0.77647059]
[12.05910137  5.06397337 -1.27058824]
[11.97600299  5.16418496  0.32941176]
[-10.89029483  11.10357505  -0.91764706]
[11.67582365  4.46443838 -0.30588235]
[-11.65007421  12.32349373   0.84705882]
[11.98743943  6.30861872 -2.02352941]
[ 9.1127905  11.07625145 -1.87058824]
[8.60099243 6.81005665 1.02352941]
[-11.60093687  11.1006507   -0.58823529]
[-10.26257494  11.47318308  -1.90588235]
[-9.73682346 12.086061   -0.54117647]
[-9.78589983 10.67569694 -2.08235294]
[11.23674562  8.31155811 -0.22352941]
[11.3862554   8.72706508 -0.69411765]
[-9.22663339 12.3971512  -1.21176471]
[ 9.16553893  7.81009497 -2.09411765]
[-12.22808487  10.99150487  -0.08235294]
[ 9.57857607 10.89595    -2.        ]
[8.55120168 8.6966503  0.44705882]
[ 8.85016371 11.35447526 -2.14117647]
[ 9.62164013  6.67133942 -0.61176471]
[ 8.90290849  7.34454908 -0.44705882]
[ 9.47591679  6.47306924 -1.05882353]
[ 8.75541984  6.5248215  -0.77647059]
[ 9.47576407  4.45232605 -0.72941176]
[ 8.92920971  7.58023535 -1.71764706]
[ 8.72740614  8.97622828 -1.6       ]
[ 8.69597563  9.02103482 -0.77647059]
[ 8.65562886  8.07109292 -1.12941176]
[ 8.65133922  7.17694157 -0.4       ]
[ 9.24976658 11.00107449 -2.16470588]
[ 9.13032112  3.67240262 -2.16470588]
[ 9.24981883  5.07109349 -1.41176471]
[ 9.80224565  6.75218669 -2.11764706]
[11.72191487  3.24934436 -2.11764706]
[11.87479996  4.54748188 -0.8       ]
[11.90542025  4.77062144  0.37647059]
[11.99542563  7.89612746 -0.35294118]
[12.02646859  4.34416183  0.23529412]
[12.073789    5.5036369  -1.57647059]
[12.14940036  5.05223748 -0.30588235]
[12.1754461   3.07508009 -1.2       ]
[10.79578033  5.89616335  0.49411765]
[12.24536932  1.42474691 -2.11764706]
[12.29446906  2.27158091 -1.74117647]
[12.29516847  7.97595232  0.11764706]
[12.32873664  7.25523347 -0.44705882]
[12.32256915  8.05503889 -0.18823529]
[12.37572231  2.84441628 -1.03529412]
[12.37976332  6.09666805 -0.98823529]
[12.47716793  4.94844404  0.16470588]
[12.20330633  2.32424802 -2.09411765]
[ 9.81901199  3.29995666 -2.        ]
[ 9.89493926  2.93065521 -2.16470588]
[10.10286799  8.07971449 -0.02352941]
[10.12966689  4.85359943  0.91764706]
[10.1485362   5.92180673 -0.49411765]
[10.15534828  6.09508165 -1.03529412]
[10.20216524  7.49738481  0.51764706]
[10.23090673  8.52021367 -0.56470588]
[11.72158013  2.85005307 -2.11764706]
[10.29452741  5.79653965  0.51764706]
[10.35249449  4.24759163 -1.38823529]
[10.59455157  7.87062972  0.02352941]
[10.64848458  6.39758184 -0.16470588]
[10.74582833  6.37976036  0.32941176]
[10.90030288  5.49889482 -2.04705882]
[11.40014088  5.57069026 -0.28235294]
[11.42619901  6.17281021 -1.48235294]
[11.47642391  8.00102182  0.        ]
[10.28022879  7.85177631  0.23529412]
[-11.65480119  12.37875457  -0.51764706]
[-11.52354845   8.84892689  -1.76470588]
[-11.49852629  12.34927943  -0.25882353]
[-11.4297822   11.90510894  -0.68235294]
[-11.42414843  12.12710764  -1.97647059]
[-11.38029684   9.82854455   0.4       ]
[-11.25058838  12.17208954  -1.67058824]
[-11.02604411  10.75503882   1.01176471]
[-10.87945315  10.59853108  -0.37647059]
[12.47690442  4.47923515 -1.95294118]
[-10.39621603  12.27447055  -0.72941176]
[-10.35330915  10.32389981  -0.96470588]
[-9.99697657 12.33079602 -2.02352941]
[-9.55142643 12.2958361  -0.94117647]
[-9.17130677 12.45433581 -0.14117647]
[-8.79531344 12.42288612 -1.74117647]
[-8.69812772 11.42799123 -1.78823529]
[-8.55529598 11.99680073 -1.78823529]
[-8.42465582 11.57443894 -1.81176471]
[-7.85159711 11.9055054  -1.85882353]
[-10.85222302  11.72144943  -1.03529412]
[-12.49608167   8.47167254   0.35294118]
[-12.50375222   9.54890179  -0.72941176]
[-12.50392668   9.77740032   0.75294118]
[-12.49567385   9.97934782   0.09411765]
[-12.49529172  10.49487756  -0.82352941]
[-12.50490121  12.07537709  -0.54117647]
[-12.47481976   8.4485763   -1.27058824]
[-12.46978056  12.08049118  -1.45882353]
[-12.41996105  11.49914142  -0.16470588]
[-12.38067275   8.16974409  -0.30588235]
[-11.69893409   9.80185555   1.31764706]
[-12.2979522   11.39920855  -1.22352941]
[-12.15493772  10.07543766   0.94117647]
[-12.14533105  11.27848274  -1.76470588]
[-12.15371865  12.42104508  -2.11764706]
[-12.10210228  11.27405929  -1.43529412]
[-12.0744332   11.69756846  -0.02352941]
[-12.02722966   8.37169998  -0.58823529]
[-11.87889001   9.830089    -0.21176471]
[-11.80510874  12.45251948  -2.11764706]
[-11.72016716  10.94727259  -1.71764706]
[-12.37143635  10.92202756  -1.03529412]
[ 6.79966402 10.99671275  0.4       ]
[ 6.82389299 11.00172812  0.        ]
[6.85201082 9.24811888 0.49411765]
[ 6.90069137  8.94521055 -1.92941176]
[6.97334693 8.87831367 0.65882353]
[ 6.97490854 10.97612002 -0.28235294]
[7.17545353 9.9952227  0.42352941]
[ 7.17430765 11.17426423 -0.49411765]
[ 7.25295372 11.02824961  0.25882353]
[-7.62190602 12.47614796 -0.14117647]
[7.59669991 9.70382365 0.18823529]
[ 7.67202189 10.82163526 -0.63529412]
[ 7.72413807 10.34760403  0.61176471]
[ 7.74484656  7.32245101 -0.77647059]
[ 7.8224962  10.09577065 -2.07058824]
[ 7.85420516  7.8017004  -0.14117647]
[ 7.99998531  4.64686099 -2.07058824]
[8.00036748 9.95536398 0.23529412]
[ 8.24765887  9.29684389 -0.91764706]
[ 8.39465753  8.98031568 -0.49411765]
[ 7.3549988   9.65220068 -2.09411765]
[ 0.62850335 12.25011394 -2.07058824]
[ 1.0723988   2.82635964 -2.11764706]
[ 1.90373621  4.10388647 -1.29411765]
[ 2.00531383 12.28017859 -0.54117647]
[ 2.06913013 11.82912792 -0.54117647]
[ 2.40075151  3.02154324 -1.27058824]
[ 2.44542293 12.37526685  0.37647059]
[ 2.47061844 12.13028997 -0.63529412]
[ 3.80048456 11.47967034  0.44705882]
[ 4.04799535 12.37413915 -0.18823529]
[ 6.74879499  7.97675306 -1.74117647]
[ 5.3694857  11.12451927  0.18823529]
[ 5.42330956 12.10289245 -0.23529412]
[ 5.4454908   8.7551743  -0.63529412]
[5.45254482 9.07331451 0.35294118]
[ 5.47149041 10.77000838  0.44705882]
[ 5.65570518 12.47678698  0.68235294]
[5.97421559 7.97810063 0.09411765]
[ 6.10010076  8.24715389 -1.95294118]
[ 6.35179478 10.0767243   0.47058824]
[ 6.42676276  8.67492553 -0.96470588]
[ 5.15316967  8.52350448 -0.47058824]
