[ 0.68943549  3.04197393 -1.07053452]
[ 3.12206973  3.44153164 -1.24282516]
[ 3.1766934   2.73612886 -1.63503268]
[11.61966189 11.7173287  -2.05386997]
[10.67417496  9.64368336 -2.09839572]
[11.40107353  8.91778858 -2.09747899]
[ 8.62157041 11.37104631 -2.12941176]
[12.41673799  2.66835302 -2.11764706]
[ 1.93425246  4.19903995 -1.65882353]
[ 1.85094728  4.07719174 -1.17647059]
[10.68822566  7.07079276 -2.08235294]
[ 1.44907303 -3.42182069 -0.75294118]
[ 8.54527751  6.9059288  -2.11764706]
[ 9.32539874  8.40210843 -2.16470588]
[ 9.70247814  8.32489439 -2.11764706]
[10.24744953  7.25244931 -2.11764706]
[10.42150042  7.52402665 -2.16470588]
[ 1.22620289  3.14816925 -2.07058824]
[-0.02571096  3.47599816 -2.07058824]
[10.95110402  6.49569905 -2.11764706]
