[-7.50106906  6.30747103 -0.81037373]
[ 1.14479532  3.07713128 -1.0876309 ]
[-1.81073969  9.8472114  -1.39130949]
[-4.74009461 10.13550064  0.03356401]
[-5.7097454   9.8061033  -0.62388592]
[-7.93760145  9.45953808 -0.7886148 ]
[-3.67880273  9.32649993 -0.10374332]
[-5.5768439  11.24302311 -0.96078431]
[-12.14127898   3.73568398   0.22091503]
[-2.89522408  9.81669538 -0.11058824]
[-2.92633892  8.72230624 -1.98655462]
[-5.88701539 11.03229233 -0.25210084]
[-8.36831602  6.23239693 -0.82689076]
[-11.38837062   6.069108    -1.22352941]
[-1.16069387  8.95275837 -1.43529412]
[-2.25983137  9.94422569 -0.25882353]
[-8.58195211  8.81486483 -0.8       ]
[-12.34611241   3.21977925   0.54117647]
[-8.83746199  5.78176991 -1.64705882]
[-11.57662399   4.03678136  -1.87647059]
[-7.51263327  8.80577426 -0.39411765]
[-9.193039    6.06941668 -1.96470588]
[-8.14242946  6.92261513 -1.67843137]
[-8.83527331  5.54836969 -2.03921569]
[-12.36767186   3.99840696  -0.48627451]
[-8.46783868  7.93155281 -1.57647059]
[-3.84900811 12.10580679 -1.98431373]
[-3.86639496 11.63366074 -1.81176471]
[-4.23232217  9.81622724 -0.36862745]
[-4.43366879  9.26097161 -1.80392157]
[-4.7907656  11.57629374 -0.98039216]
[-10.73329639   3.88436649   0.21176471]
[-8.08859294  6.00920377 -2.        ]
[-7.99737902  9.88725203 -1.30588235]
[-7.88496619  9.70974651 -0.85882353]
[-7.80739661 10.39618958 -1.12941176]
[-7.26303788  9.92641095  0.02352941]
[-8.37296019 10.27377296 -1.        ]
[-7.5254724   8.77421831 -1.88235294]
[-7.41066987  6.62732668 -1.74117647]
[-7.42673398  7.71253051 -0.71764706]
[ 1.8893156   4.128361   -1.28235294]
[-1.66589003 10.86210215 -2.07058824]
[-3.86459152 11.24743441 -1.76470588]
[-5.32463846 10.06412139  0.23529412]
[-5.79186216  6.80041445 -0.04705882]
[-6.08533675  9.67668976 -1.25882353]
[-6.2876659  12.16131982 -0.28235294]
[-8.55113444  9.43543912 -0.88235294]
[-6.57359577 10.84744509 -0.48235294]
[-6.50827254  8.99838255 -0.68235294]
[-6.6467313   9.09039257 -1.35294118]
[-6.67479622  7.91177054 -1.76470588]
[-6.962363    8.98735395 -0.96470588]
[-7.13800854  7.93523398 -1.82352941]
[-7.27166156 12.41027784 -1.05882353]
[-7.27318309 11.95196871 -1.67058824]
[-6.52608857  9.57490255 -0.65882353]
[-10.15227565   6.71288809  -0.55294118]
[-9.13844037  7.23221738  0.05882353]
[-12.19644701   5.31322806  -0.08235294]
[-1.24643314e+01  4.28854447e+00 -1.17647059e-02]
[-8.60801145  6.11305275 -1.64705882]
[ 2.04533436  3.77441034 -1.78823529]
[-9.50928315  6.45076535 -1.64705882]
[-11.3026885    3.27212738  -0.21176471]
[-4.47014821 10.85257304 -1.22352941]
[-11.23017416   6.32426136  -0.70588235]
[-4.52643467 11.14451494 -0.49411765]
[-4.52034482  9.83060356 -1.67058824]
[-11.16940752   3.77905087   0.4       ]
[-4.85343389 10.54871709 -0.87058824]
[-5.17925825 10.47628658 -1.2       ]
[-11.14723458   3.795594     0.82352941]
[-11.18096277   4.32931789   1.03529412]
[-5.24443535 10.75323489 -0.47058824]
[-5.47509505 10.32186457 -1.45882353]
[-5.49670757 10.67022111 -0.96470588]
[-4.3709111   6.80332442 -0.54117647]
[-5.77031651  9.64727441 -1.29411765]
[-10.79422137   3.5782266    0.30588235]
[-5.85016084 10.40250636 -0.94117647]
[-5.90070871 10.85578264 -1.15294118]
[-10.67609563   6.82642085  -0.49411765]
[-10.42952725   3.60485534   0.37647059]
[-6.02650056 12.04853854 -0.47058824]
[-10.37865878   4.99834309   0.37647059]
[-10.27161197   3.57640422   0.65882353]
[-6.27183897 12.35562679 -1.03529412]
[-5.52519101 10.97695366 -0.21176471]
[ 2.57773499  3.31919458 -0.68235294]
[ 2.02450906  2.72042786 -2.04705882]
[ 1.94868534  4.26943433 -1.6       ]
[-12.3787267    4.92350174  -1.64705882]
[-12.22716373   3.92490931  -1.95294118]
[-1.77797867 10.5298855  -1.85882353]
[-2.02396965 10.32592411 -0.09411765]
[-2.14663119 10.59410611 -1.88235294]
[-2.20459543 11.34849937 -1.29411765]
[-12.12842939   3.62445887   0.61176471]
[-2.3779126  10.55472122 -1.43529412]
[-12.04669845   5.5253663   -1.6       ]
[-2.47637214  9.32245724 -0.37647059]
[-4.07046685 10.99988338 -1.24705882]
[-11.90122905   3.76951893  -1.88235294]
[-11.86979539   6.00504737  -0.47058824]
[-3.39647448 10.00383997 -1.29411765]
[-3.69943967 10.89602288 -1.83529412]
[-3.73014099 10.89670747 -1.45882353]
[-11.7465572    3.47754353   0.65882353]
[-3.90300637 12.39591029 -1.6       ]
[-11.70215398   5.42553998   0.75294118]
[-11.52668113   4.75477477  -0.49411765]
[-3.99532947 10.19834581 -1.81176471]
[-4.02932511  8.0513006  -0.04705882]
[-11.43094125   5.72279122  -0.35294118]
[-6.2768094  10.52384036 -1.22352941]
[-4.25295818 11.92644592 -1.67058824]
[-2.5494432   9.37721535 -1.52941176]
[-9.22879594  7.53024307 -1.29411765]
[-7.44567834  6.69759635 -0.82352941]
[-7.47628562  9.92473918 -0.75294118]
[-9.1037207   6.67339093 -0.91764706]
[-7.5982958   4.85243807 -1.92941176]
[-7.62151635  7.39849361 -1.55294118]
[-7.65414349  9.89658106 -1.24705882]
[-9.07178364  9.24444779 -0.82352941]
[-7.67473489  6.37304189 -1.15294118]
[-7.77556809 12.24792077 -1.43529412]
[-7.84791256 11.67365656 -1.36470588]
[-8.89925387  5.3197656  -0.98823529]
[-8.87426552  5.92249695 -1.22352941]
[-10.24980555   3.85334332   0.42352941]
[-8.0005067   9.52247522 -1.31764706]
[-8.84691819  8.6549746  -0.8       ]
[-8.82547315  7.37869283 -1.83529412]
[-8.80067276  6.95429572 -1.85882353]
[-8.22027391  8.82097153 -0.61176471]
[-8.22856468  4.15551661 -1.67058824]
[-8.27432466  9.96965276 -1.15294118]
[-8.77204827  4.69489809 -2.07058824]
[-8.42687306  7.59798054 -2.04705882]
[-8.47717007 10.90338743 -1.34117647]
[-8.74580562  5.94763768 -0.18823529]
[-8.65083713  6.79869105 -1.6       ]
[-8.64822038  6.86987784 -0.16470588]
[-7.92007314  6.38079211 -1.57647059]
[-6.29896757  8.42997802 -0.18823529]
[-6.32068236 11.92254474 -1.08235294]
[-6.33031639  9.52587283 -1.43529412]
[-6.3452292  10.00578901 -0.49411765]
[-6.37850454  8.19610356 -0.87058824]
[-6.400358   11.48053841 -0.98823529]
[-6.42090737 11.02796696 -0.98823529]
[-6.44897615  9.6278536  -1.01176471]
[-6.52926331 10.30396072 -0.70588235]
[-6.52606692  7.62851641 -1.57647059]
[-10.19939797   3.97984427  -1.74117647]
[-9.99521704  3.50581101  0.18823529]
[-9.90056445  6.8781865  -0.11764706]
[-7.44642853  8.34586182 -1.67058824]
[-9.80366621  6.44532504 -1.17647059]
[-6.74917987  8.89536938 -0.04705882]
[-6.74996938  6.12597319 -0.25882353]
[-6.77421667  8.5005145  -0.84705882]
[-6.79542015  7.74845441 -0.89411765]
[-6.94619784  9.39720877 -1.50588235]
[-9.70333801  3.2277072   0.04705882]
[-7.12705793  9.04819655 -1.24705882]
[-9.54667431  5.42995295 -1.45882353]
[-7.2018717  12.27774608 -0.35294118]
[-9.30308079  7.20047054 -1.57647059]
[-9.27602329  5.27234317 -1.52941176]
[-7.37168253  9.35215318 -0.84705882]
[-6.71916733 10.6696041  -0.94117647]
