[ 0.73867744  3.06580272 -1.11457828]
[ 3.12308241  3.41594303 -1.2918944 ]
[ 3.16758563  2.71576322 -1.67778194]
[-8.68875422 -4.21491106 -1.81038062]
[12.03780154 12.10005156 -2.08858131]
[11.07637789  9.01544613 -2.11607843]
[-10.24431996  -8.6025603   -2.01568627]
[11.7387479   8.26901784 -2.10588235]
[12.3602355   7.59781113 -2.11764706]
[12.25185578  2.03311911 -2.1       ]
[11.65654236  4.19544366 -2.14117647]
[ 5.50225871  3.35423699 -1.05098039]
[10.61098278  9.89903795 -2.12941176]
[10.29868476  7.07554927 -2.14117647]
[11.34107514  5.48651829 -2.11764706]
[ 9.63751393 11.42726979 -2.12941176]
[ 9.13282526 11.88879283 -2.15294118]
[11.9252151   3.46237803 -2.15294118]
[ 1.88648742  4.11421623 -1.2       ]
[12.23752695  2.55284791 -2.08235294]
[-0.94745078  2.95408573 -1.8       ]
[10.76259339  6.40522903 -2.09411765]
[11.5443566   4.57872122 -2.14117647]
[11.05390376  6.05584818 -2.09411765]
[12.37981146  0.32294307 -2.14117647]
[10.90597757  0.64739838 -2.18823529]
[10.75151875  2.0013565  -2.14117647]
[10.6480657   2.64832192 -2.11764706]
[10.42667519  3.65101353 -2.16470588]
[10.05500284  7.6256321  -2.11764706]
[ 9.97747927  4.45421533 -2.09411765]
[ 9.92846001 11.19848907 -2.09411765]
[ 9.52474736  9.94528129 -2.09411765]
[ 9.45059341  8.54914969 -2.14117647]
[ 9.04420991  6.45235267 -2.09411765]
[ 3.29433189  3.57839378 -2.04705882]
[ 2.04454711  3.82110843 -1.78823529]
[ 1.05499506  2.95264878 -2.07058824]
[-0.07037697  3.67663849 -2.09411765]
[12.29732578  1.4044814  -2.18823529]
