[ 1.16833623  3.05030696 -1.14696175]
[11.95035391 11.92010311 -2.0802139 ]
[ 1.96108726  4.18260559 -1.42588235]
[ 1.9937926   3.73030097 -1.64117647]
[ 9.08172195 11.25125638 -2.12352941]
[-0.94320925  2.90552031 -1.99215686]
[ 3.26314353  3.5642942  -2.        ]
[11.26558523  9.05185621 -2.12941176]
[11.78767732  8.97723587 -2.10588235]
[-1.24835962 -5.14733999 -1.81176471]
[10.12901093  8.32715775 -2.09411765]
[10.721575    7.04766246 -2.11764706]
[10.72091129  7.72566576 -2.11764706]
[10.74637154 10.20339776 -2.09411765]
[11.02170446  9.72518066 -2.11764706]
