[-9.5891542   3.91016741 -0.94619138]
[ 0.7064592   3.08293681 -1.12755685]
[ 3.10743379  3.19968688 -1.46443439]
[-12.27914816  -2.17910712  -1.49411765]
[-12.23474708   3.71021119  -1.32406417]
[-10.54334138   8.91755558  -1.48571429]
[-10.2767171    7.6707965   -1.61512605]
[-12.04762234   6.52205528  -1.15764706]
[-11.29024328   5.06242074  -0.39738562]
[-11.09964803   4.40803103  -1.30294118]
[-9.64882015  7.20271405 -1.78823529]
[-11.64694651   5.15897868  -0.88403361]
[-11.33101957   8.50831001  -1.37254902]
[-0.94530701  2.8864162  -1.89019608]
[-7.12133579  9.21359286 -1.19215686]
[-10.95604243   2.75992398   0.75882353]
[-7.72725996  9.02323302 -1.60588235]
[-11.57203278   0.33121967  -1.98235294]
[-9.48375705  7.96518431 -1.71764706]
[-10.87599343   4.64258433  -0.19607843]
[-11.58338947   6.32630245  -0.45490196]
[-9.24330556  5.12118742  0.58823529]
[-11.80624861   3.86062911  -1.09803922]
[-8.41684281  6.94763447 -1.82745098]
[-9.67373059  9.16598923 -1.68235294]
[-11.495005     3.77360277  -0.24705882]
[-6.81660784  7.8796324  -1.76470588]
[-12.28381582   3.05195002  -1.49411765]
[-11.44451465   4.76558291  -1.41176471]
[-10.36122518   8.04593454  -1.68235294]
[-11.25953778   9.5746483   -1.56470588]
[-10.48545108   1.65407371  -1.54117647]
[-10.46302768   2.05167395  -1.71764706]
[-10.62795806   4.39153143  -1.58823529]
[-11.08698144   2.89714772  -1.81176471]
[-11.13255695   3.80740981  -0.68235294]
[-12.34929895   1.85868181  -0.38823529]
[-10.94131723  10.12815997  -1.37647059]
[-10.95165191   6.10216649  -1.34117647]
[-10.87772124   8.3522218   -1.08235294]
[-12.46138482   6.87424481  -1.57647059]
[-10.79996111   4.18615634  -1.82352941]
[-10.77621395   3.13902642  -1.41176471]
[-9.66291905  7.01494391 -1.38823529]
[-8.69906933  6.62238066 -0.55294118]
[-12.02640358   3.14894935  -0.90588235]
[-7.99045175  8.36326798 -0.54117647]
[-12.09825831  -0.08837732   0.78823529]
[-9.32375322  4.66641708  0.62352941]
[-9.45204639  8.49466941 -2.03529412]
[-12.12345392  -0.40269705  -1.61176471]
[-10.80807368   8.01255515  -1.28235294]
[-11.448188    -0.22626749  -1.96470588]
[-8.51951394  7.57018215 -1.95294118]
[-8.34872644  9.02193752 -1.38823529]
[-10.62169693   4.17015422  -0.25882353]
[-10.67499224   4.97715445  -0.4       ]
[-8.32053816  8.5793565  -1.55294118]
[-10.70026859   8.17394996  -1.64705882]
[-10.77479626   1.72135124  -1.74117647]
[ 1.87219705  4.14740681 -1.31764706]
[-10.80408776   0.36988234  -0.18823529]
[-7.82873524  8.85038898 -1.31764706]
[-7.22328808  6.84474804 -0.47058824]
[-7.77978729  5.39604078 -2.16470588]
[-7.17803002  8.57659184 -1.52941176]
[-8.57850094  3.62582197 -0.28235294]
[-9.72801634  9.67999441 -1.76470588]
[-9.47694404  6.2231536  -0.28235294]
[-9.77294874  5.34503786 -1.76470588]
[-9.89629637  8.47682211 -1.76470588]
[-9.34919303  5.24832768 -1.05882353]
[-10.01971368   6.05423164   0.37647059]
[-6.91968387  8.34889501 -1.92941176]
[-6.97504173  7.57010033 -2.09411765]
[-7.3190525   8.60524819 -0.89411765]
[-10.07064537   9.02438668  -1.67058824]
[-10.30504005   2.85227332  -2.02352941]
[-10.3512192    8.87901739  -2.18823529]
[-9.12982577  2.89419616  0.11764706]
[-8.97080998  8.36999894 -1.69411765]
[-0.39853889  2.21975853 -1.92941176]
[-8.92332358  3.45209969 -1.88235294]
[-10.45538177  10.19538747  -1.38823529]
[-10.50424849   2.38038562  -1.48235294]
[-9.15461342  7.17079135 -1.08235294]
[-11.77865331   8.72169864  -1.43529412]
[-11.79928712   5.8789851   -1.05882353]
[-11.82116399   7.00542652  -0.54117647]
[-11.82192196   1.85361885  -1.10588235]
[-11.848279    -0.23066277  -2.04705882]
[-11.88078998   1.44490117  -1.78823529]
[-11.89530994   3.05415028  -0.14117647]
[-11.89882631   2.52897687  -0.25882353]
[-11.94693684   3.42145017  -0.61176471]
[-12.02290784   5.67818214  -0.72941176]
[-12.03003248   1.4199353   -0.58823529]
[-12.0550089    2.72767274  -0.84705882]
[-12.10055183   0.19946609  -1.88235294]
[ 1.97369721  3.70256609 -1.92941176]
[-12.1450528    2.02914147  -0.84705882]
[-12.14743483   1.24689719  -1.85882353]
[-12.20396013   4.37546597  -1.67058824]
[-12.30020739   3.47058229  -1.08235294]
[-12.34420745   3.176823    -0.96470588]
[-12.37941981   7.30280121  -0.58823529]
[-12.3791996    2.37727643  -1.92941176]
[-12.37645844   1.78008617  -0.70588235]
[-12.40166178   5.70475057  -0.77647059]
[-12.42037157   1.82654056  -1.83529412]
[-12.42102692  -0.29774725   1.03529412]
[-12.45135658  -0.5027781   -1.43529412]
[-12.47782759  -0.22983712  -1.29411765]
[-12.14836605   6.77069016  -0.44705882]
[-10.92219398   3.84758662  -0.16470588]
[-10.97394102   7.47798316  -2.14117647]
[-11.02549749   8.92947759  -1.15294118]
[-11.0797786    4.47460805  -0.87058824]
[-11.12027823   7.12054221  -1.17647059]
[-11.17236993   0.85547829   0.61176471]
[-11.19651495   1.19906068  -1.71764706]
[-11.22627803   3.37509005  -1.27058824]
[-11.32223353   5.24666458  -0.87058824]
[-11.3296434    2.18029108  -0.68235294]
[-11.4051575    0.92127164  -1.34117647]
[-11.42904862   3.99613753  -1.83529412]
[-11.4204601    3.30054738  -0.65882353]
[-11.72583514  -0.02313102  -1.08235294]
[-11.49961504   2.17499025  -1.08235294]
[-11.49635491  -0.82763646  -1.34117647]
[-11.5493799    7.54612654  -1.03529412]
[-11.54930047   1.15438988  -1.83529412]
[-11.60244482   3.10083422  -1.97647059]
[-11.60254134   0.70248186  -0.98823529]
[-11.65342003   6.44565471  -1.6       ]
[-11.65170755   5.40110145  -0.44705882]
[-11.64409121   4.70226128  -0.49411765]
[-11.67109786   4.5025689   -1.78823529]
[-11.67329082   1.2489823   -1.43529412]
[-11.67202514  -1.52930873  -0.51764706]
[-11.72244933   1.92530359  -0.82352941]
[-11.49922379   8.34950465  -1.12941176]
