[ 0.76005356  3.05611735 -1.12260513]
[-11.31275844   0.82610331  -1.09414923]
[ 3.16381718  3.40639905 -1.37572193]
[-12.16220615  -7.2358237   -1.32874896]
[ 3.21515718  2.69801369 -1.71694989]
[-12.36100752  -5.85259758  -0.3711575 ]
[-12.30963666 -10.8678497   -1.85      ]
[-12.07514534  -6.07548321   0.17777778]
[-11.62225321   5.12007795  -1.78151261]
[-12.3196102  -10.02327877   0.78431373]
[-12.44565857 -12.1842942   -2.11764706]
[-11.63837475   4.9077474   -0.98235294]
[-12.17047951   3.05749919  -1.23921569]
[ 1.862234    3.60938831 -1.6       ]
[-9.2003642   3.46253373 -1.74117647]
[-9.61501083  3.3493565  -1.94117647]
[-11.52770357  -6.17085991   0.17647059]
[-11.97427424  -6.9479504   -0.55294118]
[-12.25879089   3.02726421  -1.72941176]
[-12.48684322  -2.36574087   0.45882353]
[-12.38005238   3.35111874  -1.6       ]
[-12.49734362  -2.06232002   0.21176471]
[-12.45235658  -0.11252124  -0.25882353]
[-12.47548838   1.51140559  -0.25882353]
[-12.4144399    2.0004745    0.08235294]
[-11.6727048    4.20439685  -1.67058824]
[-12.47681121  -6.40247357   0.65882353]
[-12.47126206 -11.9538552   -0.35294118]
[-11.4762435    1.39667453  -2.04705882]
[-11.39919388   5.4019548   -1.34117647]
[-11.19650481   1.4058679   -2.16470588]
[-11.80020035   3.72198965  -1.48235294]
[-10.67487752   2.46925978  -2.11764706]
[-9.86981404  3.6262937  -0.94117647]
[-12.49407244   0.40173121  -0.21176471]
[-12.50528497 -11.89505795   0.35294118]
[-10.74829042  -0.72582357   0.21176471]
[-11.92454261   2.01942692  -0.4       ]
[-11.97913223  -5.42106398  -1.08235294]
[-12.02313802   2.2784554   -1.81176471]
[-12.45002275  -8.44579719  -1.52941176]
[-12.12236364   2.37195235  -0.58823529]
[-12.17076404   0.37407412   0.42352941]
[-12.25007708   1.17947328  -0.25882353]
[-12.45523771  -1.62778988  -1.03529412]
[-12.27572514  -7.40002246  -1.97647059]
[-12.29563418   3.57567453  -1.15294118]
[-12.32988512   1.63010996  -1.76470588]
[-12.35109017   4.19533416  -1.55294118]
[-12.34768051   2.70261314  -1.95294118]
[-12.37831819  -6.75301719   0.28235294]
[-12.42580364   3.81944157  -1.62352941]
[-11.92111671   4.49692538  -1.50588235]
