[ 0.98885715  3.13422133 -1.1463905 ]
[ 3.12559391  2.77220386 -1.65702614]
[11.28536952 -5.88952811 -2.15882353]
[-0.95803706  2.85724239 -2.01568627]
[12.1013747  -3.81620066 -2.08235294]
[ 1.17509497  3.22988902 -1.97647059]
[ 1.82787153  4.0963339  -1.17647059]
[ 2.52299212  3.52152251 -2.07058824]
[ 9.40113782 -6.37733571 -2.16470588]
[ 9.41970352 -2.84461    -2.18823529]
[10.77644922 -3.67846895 -2.16470588]
[10.79750776 -2.322786   -2.16470588]
[10.82400599 -6.45129945 -2.09411765]
[11.77243106 -4.75132156 -2.09411765]
[12.37744426 -1.52389229 -2.04705882]
[12.45081919 -3.42526379 -2.11764706]
