[-3.68569722  8.48786634 -0.65479699]
[ 0.63986867  3.10308279 -1.12239515]
[ 3.16362092  3.17474007 -1.48644784]
[ 2.76576352 11.11522381 -0.06811146]
[-11.40084625   9.43239814  -0.40885515]
[ 4.56534799 10.32978381 -0.30646333]
[ 3.2427602   9.95483922 -0.17882353]
[-10.29435581   8.51019054  -1.40367647]
[ 1.74656471  9.34897439 -1.50588235]
[-7.28480216  8.53032095 -1.97058824]
[-1.15001452e+01  6.20508340e+00 -7.05882353e-03]
[-5.16540883 10.30958508 -1.15555556]
[-9.84780191  8.00922113 -0.24052288]
[-4.41652717  9.87712389 -1.23823529]
[-12.23298133   8.67936992   0.2789916 ]
[-0.71867765 12.15558308 -0.28907563]
[-7.50766354  9.23012662 -1.11372549]
[-5.27329458  9.66051846 -0.26666667]
[-2.29152757 10.43735032 -1.70588235]
[-1.64100773 10.83314869 -1.51764706]
[-11.59388357   6.38186013  -1.40784314]
[-11.52751175   6.63207709  -1.94117647]
[ 3.23066805 12.01556524 -0.23529412]
[-1.1093975  11.24174127 -1.71372549]
[-9.69242412  7.7649597   0.46117647]
[-1.14146104 11.85327591 -0.13176471]
[-11.33625435   7.28777111  -2.01882353]
[-4.5762871   7.74892641 -1.95294118]
[ 3.93462388 12.0006682  -0.42352941]
[-0.67664851 11.14058023 -0.30588235]
[-6.65622628 10.00535564 -1.17058824]
[-6.46835249 10.35628193 -0.58235294]
[-6.61833604  9.68598233  0.2       ]
[-1.72671793  9.404556   -1.38235294]
[-1.70772363 11.19014628 -0.37058824]
[-0.84359746 10.01901988 -1.19411765]
[-10.27961734   7.9815633   -0.80588235]
[ 5.6489569  11.02423041 -0.52352941]
[ 2.61748081 12.16763899 -0.45490196]
[-7.3744085   8.18192877 -0.22745098]
[-3.87016798  7.88419941 -1.98431373]
[ 1.21634345 10.7905133  -1.5372549 ]
[-9.25196343  7.95826059 -1.88235294]
[-6.15549106 10.4492921  -1.23137255]
[ 3.46669126 10.21543587 -0.54901961]
[-7.92116321  8.05248104 -2.        ]
[-11.18777683   6.92501394   0.36078431]
[-12.46835149   7.17379715   0.77647059]
[-11.65111917   8.44268382   0.63529412]
[-2.09028907  9.46842412 -1.74117647]
[-5.74410748 10.82420518 -1.31764706]
[-2.72429266 10.82836218  0.31372549]
[-6.40078018  9.86220899 -0.43529412]
[-6.26266458 10.16280693 -0.81176471]
[ 1.19036034 10.42001871  0.10588235]
[-6.48856068  8.87763444 -0.85882353]
[-11.12551921   7.58725582   0.45882353]
[1.27989277 9.10998782 0.68235294]
[-6.763647    8.21300834 -0.61176471]
[-6.88898218  8.97350047  0.65882353]
[-6.23478264  9.90247134 -1.54117647]
[-5.56167154 10.07723509 -0.81176471]
[ 0.39598693 11.86265197 -0.32941176]
[ 0.01422812 10.65231318  0.36470588]
[ 1.37064092 10.36275186 -1.02352941]
[-0.06009344 10.41228453 -1.23529412]
[-4.96087318  9.61505168 -0.78823529]
[-12.04014127   6.29885199  -1.48235294]
[-4.07636743  8.20141964 -2.01176471]
[-3.76250139  9.45073855 -0.83529412]
[-11.97802977   7.05079097   0.74117647]
[-3.5836621   9.46137067 -1.92941176]
[-11.78731745   9.36427049   0.55294118]
[-2.31137041 10.87537696  0.43529412]
[-1.42527381 11.33721189 -1.41176471]
[ 1.07567740e-02  1.21627425e+01 -4.47058824e-01]
[-9.54078702  7.45745142  0.76470588]
[-12.14296612   7.60451333  -0.76470588]
[ 2.26594689 12.07183477 -0.32941176]
[-9.80089039  8.16018754  0.75294118]
[-12.44857109   8.15349557  -0.10588235]
[-10.87384377   8.64711195  -0.16470588]
[ 1.99676507 11.50174014 -0.64705882]
[-7.50995157  9.21351981 -1.65882353]
[ 1.93827773  4.06511982 -1.32941176]
[ 5.90973941 10.78436181 -0.41176471]
[-7.15070691  8.87311873  0.28235294]
[-6.96312045 10.62294058 -1.29411765]
[-0.59983964 11.84572368 -1.15294118]
[-0.82166593 12.40217282 -0.91764706]
[-0.84736243 10.83062531  0.02352941]
[-0.85119776 10.80044913  0.54117647]
[ 2.7270918   9.57412149 -0.61176471]
[-1.74842359  9.96907584 -1.6       ]
[ 2.82734072 11.4979902   0.37647059]
[-12.04767059   9.32377908   0.16470588]
[-12.22166875  10.15230309   0.02352941]
[-12.00197325   9.89921491   0.16470588]
[ 2.9283497  10.52353027 -0.49411765]
[-12.3481885    8.89662799   0.82352941]
[-1.03018223  8.17441642  0.14117647]
[-1.11967401 11.2490989  -1.36470588]
[-1.20435266 11.34503645  0.30588235]
[-1.74808247 10.3302393  -1.92941176]
[ 3.36980803 11.67604009 -0.51764706]
[ 3.5520401  12.32060202 -0.54117647]
[-1.67270718  9.47428516 -0.37647059]
[ 5.15491605 11.44472955 -0.44705882]
[-1.37685247 10.66996275 -1.81176471]
[ 5.52091319  9.423193   -0.63529412]
[-1.67260629 10.87770181  0.32941176]
[-1.47188456  9.43026879 -1.2       ]
[-1.38093258  9.52711351 -1.52941176]
[-11.60530752   5.99780999  -1.2       ]
[-1.39963352  9.92802162 -1.64705882]
[-1.12051474 12.30000801 -0.44705882]
[ 1.32914097 12.29606729 -0.37647059]
[ 1.42774955 10.62833121  0.07058824]
[-12.07405595  10.27138886   0.44705882]
[ 1.30401405 12.24632254  0.18823529]
[ 1.20207858 12.22787774 -0.77647059]
[ 1.2050273  10.84866848 -0.51764706]
[-12.15446156   6.7289397   -2.        ]
[ 1.17312966 11.12399687 -1.97647059]
[ 1.94512828 10.35136461 -1.50588235]
[ 0.99803498 11.57718349 -0.98823529]
[ 2.00292717 10.19945506 -1.78823529]
[ 0.92858563 10.99887756 -1.81176471]
[ 2.02386879 10.62880278  0.07058824]
[ 0.8551257  12.0800595  -0.63529412]
[ 0.82542016 12.47135361 -0.96470588]
[-11.64522521   6.81980857   0.02352941]
[-0.52666534 10.6778378  -0.42352941]
[-0.44460416  9.77643763 -1.2       ]
[-0.32392114 12.42400994 -0.44705882]
[-0.15428746 11.19820034 -0.84705882]
[-0.12360599  4.20459842 -2.09411765]
[ 2.42315356 11.35182467  0.37647059]
[ 2.2296896  11.84806721 -0.11764706]
[ 0.82122919 11.32475541 -0.82352941]
[ 0.20523558 12.29755918 -0.18823529]
[ 2.15156534 10.75318654 -1.17647059]
[ 2.1290248  10.95078239  0.37647059]
[ 0.54539732 10.30006034  0.65882353]
[ 2.04616877  9.95366662 -1.29411765]
[ 0.57773571 11.05335637 -0.87058824]
[ 0.80575134 11.15121605 -1.08235294]
[ 2.0506588   3.41947798 -1.76470588]
[ 5.64362615e-03  1.18305584e+01 -1.41176471e+00]
[-8.45314268  8.49645926 -1.34117647]
[-8.33092867  8.79800164  0.91764706]
[-7.60525531  8.50407881 -0.70588235]
[-7.5477131   9.32726114  0.70588235]
[-10.94989533   9.09869296  -1.03529412]
[-7.43093418  9.09613077  0.32941176]
[-7.27680734  8.90419441 -1.69411765]
[-7.1958943   9.85317423 -1.55294118]
[-7.04702796 10.30554062 -0.54117647]
[-11.44786235   6.14722767  -1.85882353]
[-6.95178817  9.6267744  -1.50588235]
[-6.79715428  9.0448703  -1.67058824]
[-6.77038882 10.1306284  -1.69411765]
[-11.10015684   9.39942054  -0.35294118]
[-6.68068581  7.35187667 -0.94117647]
[-11.22058597   7.74433963  -1.10588235]
[-6.47358282  8.02536633 -1.24705882]
[-6.44811482  8.52054265 -1.6       ]
[-6.44995212 10.0011406   0.30588235]
[-6.28001546  7.72770208 -0.94117647]
[-6.94849384  7.80132424 -0.28235294]
[-10.72523478   8.42217584  -1.74117647]
[-10.47079031   9.85375005   0.68235294]
[-10.84746335   8.67871085  -1.05882353]
[-10.02854346   7.87272407  -1.34117647]
[-10.02052582   8.57563798  -0.54117647]
[-9.98083206  6.22001779 -2.04705882]
[-9.95259637  7.87656599 -2.04705882]
[-10.85500687   7.41921174  -1.90588235]
[-9.77455616  8.46909691 -2.07058824]
[-8.76991009  7.84855269  0.54117647]
[-9.69474211  8.87145965 -0.82352941]
[-9.65150943  8.76901101 -1.78823529]
[-9.60229881  8.60217341 -0.04705882]
[-9.41952879  7.1807372  -0.44705882]
[-9.42404235  9.07489292 -0.61176471]
[-9.34779829  7.9535838  -0.84705882]
[-9.32333385  8.55123382 -2.11764706]
[-9.09873422  9.38037098 -0.14117647]
[-9.07326779  8.80411792 -0.51764706]
[-8.92587526 10.02191921 -0.35294118]
[-9.71965578  8.02036116 -1.31764706]
[-3.82663718  8.10249466 -0.49411765]
[-3.79679604 10.16930582 -1.78823529]
[-3.7691919   8.46914667 -1.95294118]
[-3.4519651  10.77077917 -1.71764706]
[-3.39459701  9.1981828  -1.92941176]
[-3.29490857 10.47221699  0.30588235]
[-2.97071486  9.13067905 -1.48235294]
[-2.39459017  7.55372764 -0.37647059]
[-2.25492437  8.32835149 -1.48235294]
[-6.22692762 10.17691985 -1.97647059]
[-2.16972657 11.12607237 -1.71764706]
[-2.09483148 10.11972835 -0.54117647]
[-1.94701507  8.62880621 -0.51764706]
[-1.94525056 11.50098323 -1.38823529]
[-1.9257375  10.19573857 -1.43529412]
[-1.9218638  12.02038109 -0.98823529]
[-1.86955295 11.52843935 -0.91764706]
[-1.82408856 11.02387935 -0.91764706]
[-1.79657378  9.45507634 -1.01176471]
[-11.52156371   6.54667429   0.04705882]
[-2.25409665  9.79921503 -1.74117647]
[-6.15410404 10.20384115 -0.16470588]
[-5.87184698 11.10064161 -1.08235294]
[-5.75369079  6.95546067 -2.07058824]
[-5.59830913  7.59763719 -1.95294118]
[-5.55232922  7.09948438 -1.83529412]
[-5.55287154 11.02070694 -1.08235294]
[-5.36905362 10.00511001 -1.83529412]
[-11.37862811   9.54531018   0.47058824]
[-5.3052902   6.6772296  -1.10588235]
[-4.37904102 10.37729534  0.18823529]
[-5.24690116  7.71943156 -1.41176471]
[-4.97422566  8.14777069 -1.95294118]
[-4.87269738  9.99664545 -1.88235294]
[-4.77056928  8.82308039  0.14117647]
[-4.75597258  8.85136861 -0.61176471]
[-11.42573049   8.90512322  -1.01176471]
[-4.70198682  7.22461726 -2.09411765]
[-4.67168531 10.07599921 -2.11764706]
[-4.65485879  7.86965164 -0.70588235]
[-11.44536705   9.87062045   0.11764706]
[-5.27772556  6.89984619 -2.07058824]
