[ 0.7422234   3.05256763 -1.08678326]
[ 3.08957601  3.44845486 -1.28577455]
[ 3.19565897  2.75627285 -1.65228758]
[ 0.65345809  7.1458366  -1.24833068]
[12.02770639 12.33111011 -2.09647059]
[12.01308456  8.7871962  -2.08235294]
[12.35578277 11.74187902 -2.07647059]
[11.21818213  9.53595731 -2.10196078]
[ 8.88500328 12.1756821  -2.16470588]
[-0.41067459  3.73362796 -2.02352941]
[ 1.82320594  4.08010727 -1.17647059]
[ 3.42623073  3.62270563 -1.92941176]
[ 9.40567074 11.64666169 -2.11764706]
[ 9.95443628  2.02840535 -2.14117647]
[10.12093265 11.05476945 -2.16470588]
[10.74880297 10.44849243 -2.09411765]
[10.84927953  7.7784966  -2.16470588]
[10.9537547   2.82181497 -2.14117647]
[11.52424211  6.32962936 -2.07058824]
[ 1.20444917  4.11977079 -1.34117647]
[12.4017441   3.05054617 -2.07058824]
