[ 0.75137267  3.06380403 -1.12152308]
[ 3.16447014  3.40032726 -1.2947184 ]
[ 3.18328817  2.68185562 -1.67687349]
[-3.75736006 -4.64073527 -1.75686275]
[-6.9679445  -9.8133066  -2.00672269]
[12.09039377  8.44363738 -2.10823529]
[-0.9346232   2.89489162 -2.04235294]
[12.22362881 12.23792868 -2.12705882]
[11.08551096 10.26603319 -2.14117647]
[11.5849911   9.17820956 -2.11764706]
[ 2.10332412  3.82094131 -1.90588235]
[ 1.89764256  4.09923297 -1.2       ]
[ 0.52801338  2.72614817 -1.90588235]
[ 9.24762173 12.02007988 -2.11764706]
[11.34668869  6.55015405 -2.16470588]
[11.40412816  2.19840908 -2.16470588]
[11.54981519  9.64873704 -2.11764706]
[11.874201    9.03005597 -2.09411765]
[12.36965454  8.1795622  -2.16470588]
