[ 1.04623356  3.0577437  -1.08813853]
[ 3.22677561  2.67890482 -1.63657422]
[11.02429785  8.85640573 -2.07686275]
[10.77368292 11.76057082 -2.03002028]
[12.12164925 10.87063233 -2.02614379]
[10.56905617  6.76412052 -2.10756303]
[ 8.52254035 10.95544775 -2.1       ]
[12.45765704  7.20830609 -2.05490196]
[-0.91362125  2.91101477 -1.96470588]
[-1.20030095 -4.12720575 -0.82352941]
[ 1.94763722  4.04953535 -1.43529412]
[ 9.52819372  8.12160056 -2.04705882]
[ 9.82358488  7.92451153 -2.07058824]
[10.31935214  7.50234604 -2.11764706]
[10.95350764  1.55586479 -2.18823529]
[11.35010164  6.01908742 -2.11764706]
