[ 0.74033475  3.06705517 -1.09989987]
[ 3.0873941   3.15166516 -1.45497526]
[-6.89954414 -5.52377711 -1.74235294]
[11.8051066  -4.21909898 -2.14789916]
[ 9.81749529 11.89297026 -2.14117647]
[ 3.20820208  2.67544713 -0.72941176]
[-0.95908098  2.88403969 -2.00784314]
[10.51384768 -7.66600749 -2.13333333]
[12.20944883 -2.10833367 -2.09411765]
[11.18487013 10.23070165 -2.11764706]
[12.05215169 -3.4033782  -2.09411765]
[12.12219988  8.92988051 -2.11764706]
[12.02437171  5.52480428 -2.16470588]
[11.77334802  4.89577219 -2.16470588]
[11.74410501 -5.65135484 -2.18823529]
[12.42859573  8.22275944 -2.09411765]
[11.42218853  6.15403191 -2.16470588]
[10.82135549 10.54649279 -2.07058824]
[10.40123375 11.12490295 -2.09411765]
[10.35203633  8.01919547 -2.18823529]
[10.14491741 -4.37084553 -2.04705882]
[ 9.9203471   8.02406211 -2.14117647]
[ 9.65338626 -8.25166791 -2.16470588]
[ 7.79963168 -2.14915722 -0.75294118]
[ 1.99457262  3.76967268 -1.76470588]
[ 1.82019152  4.10400488 -1.2       ]
[ 0.74676475  3.10173914 -1.52941176]
[-2.35414254 -1.95263443 -1.10588235]
[12.42468461 -0.67390381 -2.16470588]
