[ 1.04442028  3.10143861 -1.1214278 ]
[ 3.19866384  2.68389823 -1.6598094 ]
[ 7.72700526 -4.61327181 -1.57234262]
[  0.36162299 -12.38833378  -1.77606491]
[11.94394837  2.54391017 -2.07581699]
[12.15697498  8.29881351 -2.10756303]
[12.33561863  0.52561914 -2.09411765]
[12.07315417 -2.18599512 -2.14705882]
[11.88022544  3.59784531 -2.11176471]
[11.56084443  5.14312331 -2.08823529]
[11.4818918   9.53719421 -2.05882353]
[12.34129328 -1.45727785 -2.11764706]
[12.03661186  1.44319788 -2.07058824]
[12.45115127 -0.88614201 -2.04705882]
[ 9.99773566  7.8621673  -2.17647059]
[10.12867781  3.23592393 -2.15294118]
[10.23758376  3.60052958 -2.08235294]
[11.97141943 -9.62328914 -2.09411765]
[10.36107269 11.30131803 -2.11764706]
[11.08838828 10.32679034 -2.14117647]
[11.65220186  9.1954685  -2.09411765]
[ 9.36982585  2.94810318 -2.09411765]
[ 8.32237386  0.34993874 -2.14117647]
[ 7.04403967 -6.87482667 -2.09411765]
[ 3.42365736  3.49466731 -1.95294118]
[ 2.12624824 -6.34477443 -1.12941176]
[ 9.67773799  7.75170925 -2.16470588]
[ 1.92470584  4.10054994 -1.17647059]
[12.20473703 -8.92953853 -2.16470588]
[ 1.14609353  2.80243417 -1.90588235]
[12.40040357  7.36938623 -2.18823529]
[12.42368612  7.00365688 -2.14117647]
[12.16910112 -0.07667344 -2.14117647]
[11.54468928  0.99815285 -2.11764706]
[ 9.72166905 -8.95022704 -2.11764706]
[11.35115265  4.52461623 -2.09411765]
[11.3201366   5.55412157 -2.14117647]
[11.25130886  9.97726822 -2.09411765]
[10.85082405 -0.87853491 -2.09411765]
[10.80179205 -1.95599908 -2.16470588]
[10.7539858   1.74711246 -2.16470588]
[10.4191585  10.92234212 -2.14117647]
[10.22666859  7.54499763 -2.16470588]
[10.17041958  3.94792953 -2.16470588]
[ 9.97219174  4.79797785 -2.16470588]
[ 9.85290819 11.74854078 -2.16470588]
[ 9.74961319  8.42417375 -2.18823529]
[11.38087217  4.09795138 -2.14117647]
