[ 0.79465494  3.04855449 -1.12949702]
[ 3.22785799  3.03089376 -1.43301548]
[ 2.23902997 -4.7672797  -1.49855352]
[ -3.14285516 -11.12233439  -1.85098039]
[11.48088791  9.80502771 -2.14117647]
[11.73692301  9.19179726 -2.11176471]
[11.83170478  3.7986994  -2.08627451]
[12.12391842  3.33436    -2.09411765]
[ 1.96311125  3.98431119 -1.23529412]
[11.63423032  5.21122665 -2.11764706]
[10.42432024  3.45029957 -2.        ]
[10.60348624  3.17308387 -2.09411765]
[10.74848565 11.41961624 -2.14117647]
[12.07395383  4.40585698 -2.11764706]
[12.22212138  8.64656466 -2.11764706]
