[-10.5383799    1.95566396  -0.88480497]
[ 1.19974923  3.10788377 -1.22151609]
[-12.22735207  -5.54331375  -1.28128342]
[-10.68949453   1.25262183   0.6487395 ]
[-12.33337275   5.33966224  -1.01512605]
[-11.02204033   5.76164268  -0.82941176]
[-10.87962725   5.1863458   -1.6       ]
[-12.36754014   1.97295821  -0.75294118]
[-11.82769157   1.33105481  -0.68235294]
[-11.95039612  -1.49563317   0.70588235]
[-10.27282388   6.47143935  -0.90588235]
[-10.50343031   6.17600678  -1.23529412]
[-8.92777626  4.74021003 -0.35294118]
[-12.13626747   0.62987078  -0.92941176]
[-8.49927174  5.99833129 -1.76470588]
[-11.17276484   5.17744963  -1.90588235]
[-11.61975394  -0.98726598   0.85882353]
[-11.72547708   3.1270192   -1.94117647]
[-12.01596622   2.34146953  -0.04705882]
[-12.04964934   1.05887686   0.14117647]
[-11.99179538   1.62491514  -0.12941176]
[ 1.89979396  4.11396497 -1.36470588]
[-12.28725361   6.71986478  -1.07058824]
[-12.28389889  -1.43665382   0.82352941]
[-12.413641    -0.27246969  -0.47058824]
[-10.30304745   3.92283059  -2.02352941]
[-12.48023634   5.69605153  -1.81176471]
[-10.70498202   5.92637376  -0.8       ]
[-10.70437082  -1.49811388   0.21176471]
[-10.75279737   3.27880743  -0.28235294]
[-10.77600122   5.50486569  -0.68235294]
[-10.82255395   3.70553316  -1.03529412]
[-10.89857894   3.75391022  -2.04705882]
[-10.90513799  -1.13033805   0.18823529]
[-12.45513843   1.34576781  -1.50588235]
[-10.92612955   0.22103899  -1.24705882]
[-10.9741636    2.62815424   0.70588235]
[-11.00519214   2.61915949   0.35294118]
[-10.54996856   5.67639993  -0.54117647]
[-11.04421435   1.30295873  -2.02352941]
[-10.09921719   3.35346518  -0.28235294]
[-9.97746597  0.79884184  0.09411765]
[-9.95581703  1.19441006  0.42352941]
[-9.87975177  3.6479914  -0.04705882]
[-9.77232646  1.1966829  -1.15294118]
[-9.7534281   0.99885669 -0.89411765]
[-9.45201773  7.17533645 -1.36470588]
[-9.34492896  2.77813296  0.        ]
[-9.22773604  6.6759733  -1.22352941]
[-9.02144476  4.2717942  -1.24705882]
[-12.50082399   0.92101043  -0.58823529]
[-12.49880421  -1.02497815  -0.47058824]
[-12.49599379  -1.82184015  -1.48235294]
[ 2.52230606  2.94834243 -1.55294118]
[-12.50332198   6.62375336  -1.52941176]
[-12.20559311   2.346255    -0.42352941]
[-12.17906674  -2.37407677  -1.69411765]
[-12.15444126  -1.85299119  -1.64705882]
[-12.07534017   0.74682755  -0.51764706]
[-12.07612071   0.7742643   -1.62352941]
[-12.33039874   0.94866691  -0.09411765]
[-12.02828849   1.50303729  -0.89411765]
[-12.35431847   6.30468597  -1.34117647]
[-11.92464634  -1.07132663  -0.49411765]
[-11.89537147  -0.89452392  -1.22352941]
[-12.40185505   2.52946192  -1.17647059]
[-11.88016387  -1.32952763  -0.84705882]
[-11.87117426   1.14560808  -1.2       ]
[-12.40188112   0.04892641  -0.84705882]
[-11.05250608  -1.98041433  -0.25882353]
[-12.39822609  -1.50396543  -0.49411765]
[-11.67571579  -0.3777367   -0.82352941]
[-11.67754434   0.60320401  -0.77647059]
[-11.67289979   0.79616668  -1.67058824]
[-11.60291809   4.50378339  -0.82352941]
[-11.60103441   7.22730423  -1.64705882]
[-11.57522088   1.1443022   -1.69411765]
[-11.43015118   2.1693008    0.14117647]
[-11.39947068   3.0986295   -1.90588235]
[-11.34622509   1.32016245  -1.2       ]
[-12.424123     1.7042087   -0.02352941]
[-11.22139941   6.47491507  -1.6       ]
[-11.15048755   4.40356634  -1.64705882]
[-11.14431291   7.14585007  -1.55294118]
[-12.45222718   2.27509504  -1.43529412]
[-11.703825     2.52848869  -1.38823529]
