[ 1.01195828  3.12495365 -1.11758078]
[ 3.15618655  2.75839802 -1.66184874]
[ 1.09571627 -4.80304682 -1.5188537 ]
[ -4.08817103 -10.81599585  -1.95607843]
[12.36535124 12.1269101  -2.10294118]
[11.58144128  8.89243657 -2.0907563 ]
[12.15383402  8.17079863 -2.11294118]
[10.67685219 10.21543533 -2.10980392]
[11.08506775  9.43693742 -2.09411765]
[ 10.87672997 -11.39006217  -2.16470588]
[10.92784942  9.80050987 -2.14117647]
[10.73964677  7.18604889 -2.15294118]
[11.7227185   5.02250177 -2.08235294]
[11.17641052  6.1492117  -2.11764706]
[ 11.52428721 -10.3989045   -2.16470588]
[11.7947847  -9.62625985 -2.16470588]
[11.97102473 -8.82240523 -2.14117647]
[12.22086879 -8.04453161 -2.07058824]
[12.35387692  2.84633428 -2.11764706]
[12.37599115  7.35149248 -2.11764706]
[12.42952328  6.87639149 -2.18823529]
[12.44485926  1.55316935 -2.14117647]
[12.02911416  4.04763231 -2.07058824]
[10.87309762  6.62659814 -2.11764706]
[10.8517895  -6.6540215  -2.14117647]
[12.45291145  2.51910678 -2.07058824]
[10.72403845 -7.17150683 -2.09411765]
[10.55552442  4.00107241 -2.11764706]
[10.22603273 11.05125221 -2.14117647]
[ 9.78006028  8.32323367 -2.09411765]
[  9.75492306 -11.60191875  -2.16470588]
[ 9.62855899 12.02493083 -2.18823529]
[ 3.37325387  3.55208534 -2.07058824]
[ 1.97492536  3.80482318 -1.81176471]
[ 1.85347821  4.09478523 -1.27058824]
[-0.12413518  4.29521559 -2.02352941]
[-0.94735304  2.90568264 -2.04705882]
[-8.37645392 -7.97445587 -0.37647059]
[10.80301191  3.52143783 -2.16470588]
