[ 1.40987916  3.06542004 -1.16535923]
[11.48059834  8.22447177 -2.07608862]
[11.8888298  11.7623088  -2.03873303]
[-3.13949728 -4.63743591 -1.72026144]
[ 9.83145495 10.97933774 -2.07941176]
[11.45095157  4.58064409 -2.10294118]
[11.70366486  3.39217062 -2.06722689]
[-6.67054626 -9.87083763 -1.89579832]
[11.02381232  5.49275977 -2.09019608]
[12.26488119  1.5508646  -2.10980392]
[ 9.35935979  5.72535474 -2.10980392]
[10.77483973  6.0724608  -2.10196078]
[ 9.6919385   7.2940475  -2.14117647]
[ 8.56232823  6.60006456 -2.16470588]
[12.13634101  2.47592509 -2.12941176]
[ 9.33333489  8.51688489 -2.16470588]
[ 2.06216979  3.65181302 -1.76470588]
[10.56102146  6.43938288 -2.11764706]
[ 9.74946734  7.80117587 -2.09411765]
[10.31077612  7.27770479 -2.14117647]
[12.47978742  1.02466221 -2.09411765]
[12.42859789  6.21946914 -2.07058824]
[11.27675547 11.85320907 -2.09411765]
[12.17404181  4.12000699 -2.        ]
[10.62550311  2.14895378 -2.07058824]
[10.29983767  3.77924651 -2.16470588]
[10.25345133  6.84781179 -2.09411765]
[ 9.8220679   4.84830296 -2.02352941]
[ 9.39875332  7.84966835 -2.14117647]
[ 9.22877484 11.55443984 -2.07058824]
[ 9.02462868  1.778705   -2.07058824]
[ 8.97654973  6.44657594 -2.14117647]
[ 8.92813764 11.74517605 -2.14117647]
[ 2.50599905  3.25140956 -0.58823529]
[ 1.92227251  4.06986229 -1.17647059]
[-3.85352528 -2.35453424 -1.6       ]
[12.45272599 10.39907204 -2.        ]
