[ 0.84728497  3.15134772 -1.14612049]
[ 3.11296558  2.73887056 -1.68099548]
[-7.68322996 -4.14758656 -1.86666667]
[11.64870436  8.73889539 -2.09411765]
[12.30481099 12.20169904 -2.08941176]
[-9.75235598 -8.6078607  -2.05882353]
[10.40041477 10.16770083 -2.08627451]
[ 0.41408453  2.71301267 -1.95294118]
[ 1.78715007  4.1855309  -1.41176471]
[ 1.95407299  3.76442736 -1.77647059]
[10.00015208 10.89594124 -2.11764706]
[10.44901342  6.90104656 -2.16470588]
[10.77740368 10.02323222 -2.12941176]
[11.03347148  9.66303915 -2.14117647]
[12.42817272  8.13941402 -2.10588235]
[-7.77084568 -5.97200517 -0.44705882]
[ 0.72847803  3.04520363 -1.45882353]
[ 3.27546295  3.10550076 -1.83529412]
[ 8.87906438 12.42504885 -2.16470588]
[-10.44676513 -10.52528888  -0.02352941]
