[-3.36757039  9.23044984 -0.64762656]
[ 1.15130129  3.08443469 -1.20221018]
[ 6.6339679   9.23370396 -0.81812553]
[-8.59811148 11.3016782  -0.80456541]
[ 4.79098293 10.88561184 -0.06413662]
[4.96728052 9.5896286  0.12235294]
[-12.24799548   9.75383865  -0.85529412]
[-9.23646762 11.58603519  0.16313725]
[-11.92793214   9.48289009   0.69747899]
[-10.95447029  10.42627121   0.54479638]
[-10.10352925   9.01645667  -0.04470588]
[-11.14027376   9.48582461   0.79764706]
[ 1.76998438 11.85104955 -0.44      ]
[-12.10477394  10.62617648  -0.15462185]
[ 4.66561514 11.58031208 -0.48067227]
[-11.58466257   9.9987612    0.58823529]
[-11.5596804    8.62899917  -0.59495798]
[-8.74101824  9.61242041 -1.9254902 ]
[-7.21992514 10.34734307  0.05882353]
[-8.69731395 12.27342989 -1.01960784]
[-9.27751938 11.24004796 -0.60705882]
[-1.77472984  8.78855187 -1.94823529]
[ 3.51094044 12.18653159 -0.38588235]
[ 7.51290646 10.3185745  -0.51294118]
[ 0.86580839 11.59975945 -1.78352941]
[ 2.15981576 10.41510391 -0.42352941]
[ 0.85992606 10.97506145  0.29647059]
[-8.60123178 11.18031225  0.54117647]
[ 1.44196704 10.46111021  0.30588235]
[-9.49812517 12.33212894 -0.34705882]
[-8.03774874  9.15067291  0.24117647]
[-9.63113898  9.80049697 -1.98823529]
[ 2.81999548 10.90835912 -0.47058824]
[-9.81571191 12.11231348  0.01764706]
[ 3.96314411 10.71316582 -0.31764706]
[ 6.65505732  8.20524768 -1.34705882]
[-0.34404236 10.95245306  0.34117647]
[ 5.94094705 11.41885032 -0.38235294]
[-11.81399509  10.92710373   0.36078431]
[-8.36869813 11.85871558 -1.49803922]
[ 0.72733905 10.16688599 -0.25882353]
[-6.6681501   9.51868331 -1.90588235]
[ 1.05039422 11.13933477 -1.77254902]
[-8.80742032  9.94785275 -0.98823529]
[-4.12632377 10.90321312  0.15686275]
[ 2.00708033 10.62203524 -0.11764706]
[-2.02312484 10.99317765 -1.49803922]
[ 5.48303694 11.79317211 -0.08627451]
[-1.50199959 11.01861349  0.29019608]
[-4.6455436  10.23409771 -1.74117647]
[ 4.27409404 10.46302542  0.25098039]
[-4.15933905 10.44128971 -1.69411765]
[-4.64939926 10.63074027  0.21176471]
[ 5.0919714  10.36882488 -0.44705882]
[-8.02696212e+00  1.08460283e+01 -7.84313725e-03]
[ 2.66026534  9.94446891 -0.2       ]
[-12.11584583  10.09990983   0.85882353]
[-7.99665823 11.67345919  0.64705882]
[-4.18650758 10.11683238 -1.31764706]
[ 0.95278583 10.67579878 -0.24705882]
[-7.03428292 11.67677603 -0.51764706]
[ 2.79545491 11.84115585 -0.34117647]
[-4.42289323  9.8649105  -1.85882353]
[-4.2082641  11.50512464 -1.35294118]
[ 2.35096667 11.01089407 -0.54117647]
[-6.67641677 10.21184177  0.48235294]
[ 2.3238918  11.33614404 -0.44705882]
[-3.84112259  8.18819125 -2.01176471]
[-6.33747671 11.1000987  -1.09411765]
[ 1.86305897  4.11158033 -1.03529412]
[-5.66346578  9.83722429 -1.17647059]
[ 1.2255581  10.74116297 -1.82352941]
[-5.1168256  10.52376501  0.38823529]
[-4.74918185  9.99994678 -1.28235294]
[-5.00320309  9.57294017 -0.23529412]
[ 7.4464121   9.78711268 -0.28235294]
[-0.238033    8.92587662  0.63529412]
[ 0.26614039 10.43669658 -0.22352941]
[-9.54934382 10.11691314 -0.52941176]
[-2.06139479 10.96502291  0.28235294]
[ 0.41348362  9.59688949 -1.6       ]
[-10.45137284  11.31199508   0.02352941]
[-0.08680693 10.76442538 -2.02352941]
[-9.18350322 11.66020016 -0.98823529]
[-10.21316654  11.56180777   0.17647059]
[5.68843202 9.72517493 0.22352941]
[-8.69652295 10.76003365  0.23529412]
[ 3.61008768 10.33826657 -0.61176471]
[ 4.35992492 10.33490191 -0.22352941]
[-8.66443581  9.84861365  0.69411765]
[ 4.39680497  9.8662161  -0.03529412]
[-11.06093494   9.87101924   0.25882353]
[-8.59016082 10.30125855 -1.8       ]
[-8.47075283 11.42235744  0.04705882]
[-9.80018789 11.59985353 -0.25882353]
[-10.00343965  10.6203598   -0.24705882]
[-9.8367372  11.28604795  0.18823529]
[-2.43723652  8.47545997 -0.27058824]
[-9.41145129 10.8706205   0.12941176]
[ 6.98759355  9.99599528 -0.8       ]
[ 0.02823501 10.44919276 -2.09411765]
[-0.6472469  10.22990376 -0.35294118]
[ 1.21944168 11.40196962 -0.54117647]
[ 0.32288537 10.14911917 -1.6       ]
[ 1.19880549 10.17294739 -0.58823529]
[1.20199986 9.97350799 0.58823529]
[-0.10095538 11.07067846 -1.81176471]
[ 1.14853706 11.02284685 -0.54117647]
[ 1.10387851  9.77200869 -1.43529412]
[ 0.55020709  9.91933848 -0.51764706]
[-0.17018373 10.67886771  0.18823529]
[ 0.95277029 10.52941777  0.18823529]
[ 0.90213059 11.20149179 -0.14117647]
[ 0.84950545 11.30093272 -0.54117647]
[ 0.75201887 12.12614833 -0.58823529]
[-0.22916918 11.37977254  0.18823529]
[-0.24740767 11.02338201 -0.98823529]
[ 1.22244909 12.25410317  0.44705882]
[ 3.85236188 11.34450025 -0.47058824]
[ 3.8520763  12.04822473  0.        ]
[ 3.92434404 10.67776984  0.21176471]
[ 3.94438978 11.62657649 -0.16470588]
[ 3.97981478 10.40219621 -0.47058824]
[ 4.15047727 11.32730682  0.30588235]
[ 4.35170213 11.9220906  -0.42352941]
[ 5.22244568  9.32433805 -0.30588235]
[-0.45370493 10.34565995 -1.67058824]
[ 6.2713688  10.82087062 -0.25882353]
[ 6.47020927 11.02328404 -0.47058824]
[ 6.69705834  9.45024409 -1.62352941]
[6.79954678 9.42321116 0.21176471]
[ 6.9959662   9.12049586 -1.36470588]
[ 7.17754406  9.64434357 -1.78823529]
[ 7.22272224 10.14776309 -0.94117647]
[ 7.85434939 10.47303088 -1.43529412]
[5.97095746 9.05077635 0.04705882]
[ 1.27385235 10.50550779 -0.37647059]
[ 1.40559804 12.47548971 -0.28235294]
[ 1.57145324  9.06954992 -1.83529412]
[ 1.63041817 10.4727064   0.07058824]
[ 1.72436683 10.59443872 -0.44705882]
[ 1.75124974 11.27891125 -0.82352941]
[ 1.87306211 10.92213004 -0.56470588]
[ 2.0309356  11.10025217 -0.02352941]
[ 3.82851054  9.99455354 -0.04705882]
[ 2.39470457  3.19562717 -2.07058824]
[ 2.42699697 11.95470153 -0.18823529]
[ 2.4725039  11.82809326 -0.56470588]
[ 2.49685333  8.19890781 -0.61176471]
[ 2.8217885  11.49639674 -0.14117647]
[ 3.15394416 10.32400206 -0.51764706]
[ 3.17648637 11.61971136 -0.42352941]
[3.42287525 9.77388968 0.32941176]
[ 3.54608388 10.54949253 -0.21176471]
[ 2.35283246 12.3785414  -0.51764706]
[-9.67244735  8.45161931 -0.98823529]
[-9.64902213 11.15228304  0.        ]
[-9.5722573  10.66942473 -0.58823529]
[-9.40064635 11.76951087 -0.8       ]
[-9.38079794  8.50497139 -2.07058824]
[-9.29413951 12.2050135  -0.96470588]
[-9.27388088 10.02844453 -1.12941176]
[-9.24967857 10.62851096 -0.58823529]
[-9.12042874  9.82726361 -2.07058824]
[-8.97738406 12.07005766  0.47058824]
[ 7.69698369  9.52374068 -1.01176471]
[-8.59882598  9.37764535 -1.57647059]
[-8.4214523  10.97103432 -1.27058824]
[-8.29646782 10.52257812 -0.11764706]
[-8.19682526 10.94664197  0.47058824]
[-8.17422838  9.62691237  0.84705882]
[-8.05217818  8.85106176  0.54117647]
[-8.02017183  9.87396209 -1.62352941]
[-8.0055444  11.32995306  0.56470588]
[-7.6559784  10.30484666 -0.35294118]
[-7.2540829  10.84798066 -1.15294118]
[-7.14805394 10.10362794 -2.07058824]
[-8.72902949 11.12707851 -1.24705882]
[-12.49768435  10.40517233   0.77647059]
[-12.39937808  11.45150425  -0.35294118]
[-12.37996888   9.72623086  -0.30588235]
[-12.32266243  11.97880126  -0.68235294]
[-11.75315389   9.1809919   -0.44705882]
[-11.64463404   9.82549733   0.94117647]
[-11.55528248   9.97150129   0.11764706]
[-11.44780877  10.32034625   0.23529412]
[-11.30126096   9.62908114  -0.89411765]
[-11.00031896   9.2777949   -1.05882353]
[-10.84734312  11.12584531   0.35294118]
[-9.7295007  10.87732654 -0.09411765]
[-10.76909739  12.20030974   0.14117647]
[-10.54682332  10.94442376   0.04705882]
[-10.32113452  10.87736726  -0.42352941]
[-10.26965402   8.82255608  -1.90588235]
[-10.15418033  12.32148216   0.21176471]
[-10.12876302  10.7975005    0.28235294]
[-10.00376414   8.84779838   0.4       ]
[-9.85302448  9.84705446  1.03529412]
[-9.83070559  9.60204095  0.51764706]
[-9.82270863  9.82499721 -1.48235294]
[-9.80597695 11.60040674 -0.61176471]
[-10.82717021  11.44481049   0.07058824]
[-3.37664647  9.44693013 -0.56470588]
[-3.37542448  9.80318941  0.68235294]
[-3.06958114  9.02572214 -2.        ]
[-3.07579029  9.90198146  0.51764706]
[-3.02232188 10.12283204  0.23529412]
[-2.74486984  8.14601736 -1.97647059]
[-2.44721383 10.35169695 -0.94117647]
[-2.38042234 10.62751272 -1.95294118]
[-2.37159007 11.17892558 -1.6       ]
[-2.32158957 10.90209575 -0.21176471]
[-6.97458688 10.91951052 -0.72941176]
[-2.09901651  9.71972607 -1.85882353]
[-1.95195362  9.27809482  0.58823529]
[-1.63057041 10.15527512 -0.4       ]
[-1.52429512 10.63028457 -1.95294118]
[-1.27263977 10.02003631 -0.61176471]
[-1.25219033 10.54808037 -2.11764706]
[-1.04542267 -3.6968534  -0.98823529]
[-0.97278907 10.5520135  -2.        ]
[-0.90429083 10.97759952 -2.09411765]
[-0.84768515  9.19784389  0.44705882]
[-0.67852367 10.77543753 -0.07058824]
[-2.3039371  11.05207747 -2.11764706]
[-6.82799576  9.64654397 -1.05882353]
[-6.77117129 10.40576941 -0.32941176]
[-6.72737949 10.59733361  0.91764706]
[-6.60149269 11.89913287  0.28235294]
[-6.1748938   8.49720522 -1.6       ]
[-5.92898779  8.02773571 -2.14117647]
[-5.92386393 10.08049148 -1.78823529]
[-5.87045145 11.57636135  0.21176471]
[-5.74995123 11.84778363  0.49411765]
[-5.65049469 10.72683756 -1.24705882]
[-5.50545433 10.07645813 -1.76470588]
[-3.42144793  9.96970366 -2.        ]
[-5.07548513  9.85579711 -1.17647059]
[-5.00115484  9.84670218  0.07058824]
[-4.8465935  11.12559124 -1.71764706]
[-4.52489684  8.85048658 -0.65882353]
[-4.24681783 11.34596335 -1.90588235]
[-4.04742933 10.92840232 -1.17647059]
[-3.85357111 10.75347514  0.09411765]
[-3.83044272  1.62689733 -2.07058824]
[-3.82091871 11.62592355 -1.90588235]
[-3.65191061  8.64687772 -1.90588235]
[-3.65473868 10.4941809   0.44705882]
[-5.22381423  8.12259582 -0.89411765]
