[ 0.71476423  3.07076917 -1.11418983]
[ 3.16153577  3.06666427 -1.4774043 ]
[11.88355528  7.62396708 -2.09943074]
[-8.55461034 -4.00463925 -1.87165775]
[10.89357     8.97280693 -2.10457516]
[10.74056994  6.11970806 -2.0907563 ]
[12.21069725  2.29494713 -2.09019608]
[-10.37864524  -8.33997394  -2.01882353]
[11.01882683 10.34876954 -2.11176471]
[12.2901033   8.59733141 -2.11764706]
[10.31533578  7.11180799 -2.14117647]
[ 9.89906863 11.87723172 -2.14117647]
[10.20105604  6.71039673 -2.12941176]
[ 9.73679677  7.85967078 -2.14117647]
[ 6.02731041  2.72870573 -0.92941176]
[ 1.95241586  3.72280971 -1.83529412]
[-0.39911847  2.19509132 -1.88235294]
[12.17158993  9.07005947 -2.14117647]
[-0.30078764  3.37602693 -0.61176471]
[11.96970438  3.40117922 -2.11764706]
[11.97852897 -5.74726884 -2.16470588]
[11.37547633  4.05504486 -2.14117647]
[11.35029547  0.64409956 -2.16470588]
[11.12670308  5.31959511 -2.07058824]
[ 3.80421383  2.77549526 -1.17647059]
[ 9.3728202   9.82747381 -2.07058824]
[12.42347045  1.44756538 -2.16470588]
[10.07388099  7.72504234 -2.14117647]
[ 9.80057163  5.40456667 -2.09411765]
[ 9.80448771  8.74671748 -2.14117647]
[12.42619273 -2.54737127 -2.16470588]
