[ 0.98840969  3.13518943 -1.14109405]
[ 3.1308061   2.78060075 -1.65185185]
[12.12372063 -4.5333113  -1.53      ]
[-0.96969202  2.98912841 -2.06117647]
[11.83813375 -9.21117626 -2.15294118]
[12.34984994  8.17024441 -2.14117647]
[12.14509644 -3.84744128 -2.07058824]
[12.10220056 -2.64911718 -2.14117647]
[12.02963853 -7.97547918 -2.09411765]
[11.74834573  4.85500832 -2.16470588]
[11.5697362  -5.24584925 -2.16470588]
[12.42321487 -2.17443731 -2.09411765]
[11.35472514 -5.7794895  -2.09411765]
[10.62574603 -3.99691474 -2.16470588]
[ 2.17196211  3.37784664 -2.14117647]
[ 1.99608454  3.82410674 -1.81176471]
[ 1.82284242  4.06983284 -1.31764706]
[-5.47832028 -3.8534196  -0.63529412]
[11.42539767 10.54414745 -2.18823529]
