[ 0.98451304  3.13087232 -1.12726972]
[ 3.14737226  2.76548707 -1.63240116]
[11.43750462  7.6425659  -2.08687783]
[ 4.91378894 -6.10290526 -1.60665927]
[11.65709603 11.55842701 -2.05475113]
[ 5.50623984  3.29745012 -0.85490196]
[10.56157232  5.9430729  -2.09747899]
[11.55434884  2.87378046 -2.09915966]
[11.27708328  4.12518257 -2.09954751]
[ 9.65301823 10.67825842 -2.07581699]
[-0.96607194  2.9182719  -2.00882353]
[ 4.0076514   2.83608754 -0.86588235]
[ 8.93115384 11.51947552 -2.12352941]
[12.1892168   1.44081507 -2.11764706]
[12.02345553 -3.93435799 -2.10196078]
[ 9.23341393  8.26527713 -2.11764706]
[-0.38219637  3.65033227 -2.07058824]
[10.30927326  2.65119515 -2.08627451]
[12.09826163  1.93582717 -2.07058824]
[ 8.42297829 11.83769091 -2.11764706]
[ 9.91931757  4.1509046  -2.12941176]
[10.75023351  4.50488558 -2.16470588]
[12.22300916 -1.99717237 -2.16470588]
[12.32929383 -3.12891569 -2.14117647]
[10.92884371  4.78063812 -2.11764706]
[12.40101797  0.15384473 -2.16470588]
[12.42553755  9.77527327 -1.95294118]
[ 9.75166088  7.7236732  -2.04705882]
[ 9.59467783  8.0521741  -2.07058824]
[ 9.42557157  7.75484981 -2.07058824]
[ 8.99959617  3.03090927 -2.16470588]
[ 8.97972859  6.00186252 -2.07058824]
[ 8.75379617  6.67474977 -2.18823529]
[ 8.5510692   4.47498957 -2.14117647]
[ 3.37753896  3.60043265 -1.92941176]
[ 1.82033392  4.17841527 -1.22352941]
[-12.17044513  -9.64625607  -0.11764706]
[12.4009623   0.67046342 -2.11764706]
