[11.4645421   5.75065252 -0.60332642]
[ 0.82497709  3.03200201 -1.10300881]
[ 3.21607438  3.05838725 -1.45812636]
[11.82962414  2.73743051 -1.94320487]
[11.36424044  3.63227606 -1.98991597]
[12.27687652  6.19514361 -1.7321267 ]
[12.25978224  8.26179388 -0.87843137]
[11.25575453 12.07381533  0.50196078]
[12.29997686 -1.36271404 -0.02875817]
[-9.93762553  7.8212861  -2.01680672]
[11.6354075  12.31724625  0.82689076]
[12.42166722  1.61437937 -1.48235294]
[11.67999552 10.00828879 -1.55294118]
[11.64442849 11.68793026  0.71764706]
[11.74988062  4.11176026 -1.74117647]
[11.67673422  7.9365752  -1.10117647]
[12.07696724  2.00416647 -1.53411765]
[10.07400649 10.46996038  0.37647059]
[12.35780303 -1.9770614  -0.06470588]
[10.76911789  6.68189316 -2.07647059]
[11.39812825  2.53588743 -1.02745098]
[12.4740423   8.68692947 -0.57254902]
[11.57501189 10.47271193 -0.57254902]
[11.71139096 10.96603087  0.18823529]
[ 9.62498965 11.81564857  0.10196078]
[12.43828263  7.51009553  0.35294118]
[12.13208338  6.19979545  0.24313725]
[10.24966711  8.53038454 -1.92156863]
[10.38787976  7.52648613 -2.03921569]
[10.17436127 11.30234328  0.36078431]
[11.31589876 -0.60362057 -2.14117647]
[12.42947429  5.92253638 -1.01176471]
[12.38720917 -3.11118954 -2.12941176]
[12.38884128 10.71308832  0.56470588]
[12.31242775  2.90022518 -1.54117647]
[12.35396048  8.81407594  0.18823529]
[12.47706733  1.59254161 -1.97647059]
[11.54018092  9.04340331 -1.92941176]
[12.26350736  4.55911615  0.92941176]
[12.18591661  3.55212597 -1.64705882]
[12.12637131  1.7481426  -1.88235294]
[11.75320749  3.28646504 -0.4       ]
[11.70301185  1.6468405  -2.05882353]
[11.74876497 10.04172019 -2.        ]
[11.8750034  10.73301073 -1.89411765]
[11.87404345 11.12644147 -2.04705882]
[11.98771032  7.65085976  0.72941176]
[12.44677443  5.52836326 -1.38823529]
[12.26112017 10.91088374 -1.55294118]
[10.47793542  7.85527813 -1.22352941]
[11.67934304  3.63722835 -1.62352941]
[10.30420377 12.30281442 -0.56470588]
[ 9.86118734 11.67762553 -1.89411765]
[10.8650714  10.48865345 -1.92941176]
[ 9.98920857  7.63736238 -2.07058824]
[11.00200868 11.42788064 -1.07058824]
[10.65486851 11.27985254 -1.48235294]
[10.7676253   5.79906169 -2.09411765]
[10.91005255 12.33297084 -2.        ]
[10.98728946  3.03275339 -1.89411765]
[ 9.74972029  9.97772202 -1.62352941]
[12.30398259  9.87143516 -0.09411765]
[ 9.82081709  9.70071514 -2.        ]
[12.27076318  7.59451806 -0.91764706]
[12.27882355  3.82525379 -2.02352941]
[12.2745207   2.10518443 -1.76470588]
[12.24505322  8.33050686 -1.92941176]
[ 9.82291945 11.88001341 -0.4       ]
[ 9.94687834  8.72214892 -1.55294118]
[10.17674905 10.2783498  -1.85882353]
[12.17332461 -3.62097924 -2.16470588]
[12.1485178  10.69688831  0.21176471]
[12.09886468 11.85037953  0.65882353]
[12.29670132 10.07357532  0.25882353]
[12.47920416  8.65295623 -1.10588235]
[ 1.40429355  3.62756422 -1.6       ]
[12.47516661  7.57833039  0.70588235]
[12.48073195  2.94678714  0.65882353]
[ 1.85583801  3.09543882 -2.11764706]
[12.4527175   9.87756678 -1.57647059]
[12.44585352  9.0518193  -0.89411765]
[ 1.95279471  4.15213352 -1.62352941]
[12.44894007  4.39943469 -1.34117647]
[12.45511359  1.203126   -1.92941176]
[12.32085029 10.42966947 -1.22352941]
[12.42250762  6.23077804  0.51764706]
[ 2.0036399   4.0521079  -1.27058824]
[ 3.3269329   3.14933337 -2.04705882]
[12.40032736 -1.12710389  0.54117647]
[12.34993304  1.54748682 -0.72941176]
[ 9.6994512   7.9500507  -2.02352941]
[ 9.70546246 12.169482   -0.58823529]
[12.32283548 10.5532218  -1.52941176]
[10.52305223 10.64882811  0.56470588]
[12.32803323  9.72610806  0.61176471]
[12.45331646 -2.57348785 -2.07058824]
[10.720986   11.75582694  0.30588235]
[11.65468138 -1.65245702 -2.11764706]
[10.83035858  5.04562789 -1.50588235]
[12.47097405  9.12003802 -0.54117647]
[10.84441405 -0.2544065  -2.16470588]
[11.45469143 11.84688959  0.23529412]
[11.44841034 10.68086084 -1.45882353]
[11.44854122  8.69894072  0.23529412]
[11.39893209  9.45509379 -1.41176471]
[12.04503786  0.04452037 -1.97647059]
[11.07922741  4.0986683  -0.30588235]
[11.07616569  5.72165907 -1.31764706]
[11.34805336 11.07586672 -0.77647059]
[11.35344258  7.96908795  0.68235294]
[11.10115881 11.92606854 -0.18823529]
[11.25168686 11.52112451  0.82352941]
[11.19572189 11.40468573 -2.09411765]
[11.1277854   9.52624727  0.63529412]
[11.15445519  2.27195264 -1.85882353]
[10.97931595 12.17620328  0.02352941]
[12.0767371   9.30135081 -0.61176471]
[12.04455096 10.75189555 -0.47058824]
[10.56904686  4.40238039 -0.70588235]
[10.57669022  5.07838647 -2.07058824]
[11.92930206  1.07302741 -1.6       ]
[11.90456866  7.87475846 -0.63529412]
[10.62426348  0.79738265 -2.16470588]
[11.87238027  8.17382514  1.12941176]
[11.87015856  8.12026966 -1.24705882]
[11.64558113 10.47760072 -1.57647059]
[11.79657283  8.34679588 -0.94117647]
[11.79405512  0.50362639 -1.92941176]
[11.77563739 10.44521315 -2.04705882]
[11.75401016 -2.57021139 -2.09411765]
[11.7306885   1.4265442   0.54117647]
[10.70389684  8.5205505  -0.28235294]
[11.68051684  9.70011872 -0.61176471]
[11.67570812  6.40414718  0.07058824]
[10.72634292 -1.55051536 -1.95294118]
[10.62333438  7.05277517 -2.14117647]
