[11.1548514   6.18159289 -0.5588925 ]
[ 1.16283731  3.10572792 -1.15260635]
[10.53931194  5.15590669 -1.93669468]
[11.59767152  3.59672926 -1.86102941]
[12.36296913 -0.59511958  0.28111455]
[11.3726678   4.89550362 -1.89619377]
[11.76382336  7.09918147 -1.84470588]
[10.63331175 10.08714048  0.85714286]
[12.36793741 11.12434146  0.21512605]
[12.28248923  0.41736698 -1.86218487]
[11.41365877  9.90272381 -1.33445378]
[10.98270994 10.7369542  -1.80235294]
[10.08297472 11.5372611  -1.68941176]
[11.36168782  2.14895382 -1.49176471]
[-10.45034859   7.32415253  -2.01411765]
[12.32408347  6.33479262 -1.68      ]
[12.43142217  3.29919421  0.69411765]
[10.17477205  9.6203264   0.77647059]
[10.69354476  3.69454983 -2.02352941]
[11.77409287  6.77142564 -0.9       ]
[11.92825928  6.16202397 -1.38235294]
[12.24433791 10.839698   -0.42941176]
[12.04912918  8.53826182 -1.42745098]
[12.13960136  5.08585038 -1.16862745]
[12.24887423 11.55471247  0.65882353]
[11.31697748  6.91145496 -1.78823529]
[12.40115453  5.09979129 -0.83921569]
[12.42120477  1.95319823  0.63529412]
[12.41691194 10.74558704  0.53333333]
[11.85870277  4.95548629 -1.63137255]
[11.94792439 11.50194032  0.03137255]
[10.1609     11.96054659 -0.96470588]
[ 9.65676796 11.26925668  0.29019608]
[ 9.7214607  11.41362996  0.68235294]
[11.38875751 11.20642306 -1.5372549 ]
[ 9.20131613 11.03342726  0.29019608]
[ 9.38783186 11.87432664  0.35294118]
[12.32299094  2.73713931  0.38823529]
[12.37632832  1.56489731  0.78823529]
[11.16541614  2.77560597 -2.10588235]
[11.93565601  9.72895162  0.34117647]
[11.95309571 10.01497231 -0.90588235]
[12.17469582  3.22471144 -1.98823529]
[11.95127876 11.37102787  0.58823529]
[12.09701664  7.026618   -1.45882353]
[11.2755301   5.61091009 -2.02352941]
[ 9.64949649 11.83539881 -1.72941176]
[11.98729227  9.50021662 -1.44705882]
[11.29721318 11.64880142 -1.61176471]
[12.41472829  5.75862434 -0.6       ]
[ 1.84685192  4.08981695 -1.2       ]
[10.46120532 10.62855661 -1.56470588]
[11.52382125  9.71115987  0.38823529]
[11.57090732 10.74836782 -0.2       ]
[10.86482236  2.92540411 -1.83529412]
[11.89970831  1.26402876 -1.97647059]
[10.72651954 11.18756704 -1.67058824]
[10.46210408  7.44857642 -1.95294118]
[ 8.65990328 10.98551784 -0.98823529]
[10.13429816 12.3505295   0.75294118]
[10.08410521 11.61076961 -1.23529412]
[ 9.51980346  9.20447286 -2.        ]
[11.77395052  7.17895502 -0.82352941]
[11.77783968  7.6717433  -0.63529412]
[11.77341562  8.52422151 -0.82352941]
[11.94591352  6.52005669 -1.62352941]
[11.92709457  8.47728403 -0.35294118]
[11.92062061  8.19411222 -0.91764706]
[11.87673144 11.92329187  0.61176471]
[11.87170869  6.49848242 -1.2       ]
[11.84646674  8.97746043  0.75294118]
[11.820187    7.39984414  0.63529412]
[11.79971503  8.60466769 -1.81176471]
[11.83035004  0.12072509 -2.07058824]
[ 9.52533503  8.55441376 -2.11764706]
[11.79649928  2.87948938 -1.95294118]
[12.47395956  7.37242407 -1.48235294]
[12.47323565  4.86906759 -1.10588235]
[12.48016403  3.37743891 -0.75294118]
[12.4465948   7.58008078  0.54117647]
[12.44657038  2.47138549 -0.21176471]
[ 1.11920768  2.92430001 -2.02352941]
[12.42464209  0.33081786 -0.54117647]
[ 1.75349594  4.15045466 -1.55294118]
[12.39999028  5.82026376 -1.2       ]
[12.3944829  -0.18022422 -0.02352941]
[12.37584301 11.94763721 -0.18823529]
[12.37487331  0.36907972  0.04705882]
[11.74847153 12.37186471  0.4       ]
[12.33073848  1.12574196  1.31764706]
[12.32846857 -2.04920723 -2.16470588]
[ 8.62980036 10.80297596 -1.38823529]
[ 8.74834298  8.20441949 -2.16470588]
[12.19615703  6.09728251 -0.96470588]
[12.19889418  0.85094384 -2.07058824]
[ 8.92977952  8.42423544 -2.07058824]
[ 9.07022123 11.87443969  0.18823529]
[12.12141656  6.92087503 -0.04705882]
[ 9.22916137  8.02312554 -1.90588235]
[12.05188166  8.01990063 -0.14117647]
[ 9.22246327  9.34541784 -1.74117647]
[12.35078721 11.4237287   1.12941176]
[ 9.84428921  7.90090855 -1.69411765]
[11.19640743  3.89689887  0.37647059]
[11.17264954 11.27029363 -1.90588235]
[11.14477978  8.44967763 -1.05882353]
[ 9.86957065  9.84627693 -2.02352941]
[11.07223931  9.99441527 -2.02352941]
[11.0727722   9.82878224 -0.58823529]
[11.02751284  8.0960634   0.96470588]
[11.02345192  5.77853842 -1.55294118]
[11.00473323  4.51930599 -2.09411765]
[ 9.97049241  6.55181275 -0.42352941]
[10.94894663 11.45430577 -0.49411765]
[10.92512344  6.14497626 -1.92941176]
[11.61908327 11.17903249  0.07058824]
[10.85088879  5.17150012 -1.83529412]
[10.85353832  1.39596886 -2.09411765]
[10.8037109   8.59628962  0.87058824]
[10.77114236 10.74865784 -1.34117647]
[10.77788634  8.74617653  0.58823529]
[10.70369907  5.54531577  0.21176471]
[10.43050639  3.94710715 -2.14117647]
[10.39989523 11.15342055 -1.90588235]
[10.32138031 10.62926853  0.02352941]
[10.31952678 10.6007805   0.70588235]
[10.27967674  6.59747026 -1.69411765]
[10.2497609  11.62734712  0.96470588]
[10.17852367  6.07940434  0.14117647]
[10.92417713  3.95512758 -1.69411765]
[11.74646192  5.5979132   0.91764706]
[11.70282739 11.29418966  0.37647059]
[11.69544144 10.3707227   0.18823529]
[11.69561597  9.8738244  -0.56470588]
[11.69917011  8.25376328  0.98823529]
[11.64544583 11.8984281  -2.07058824]
[ 9.64511912  9.55088983 -2.07058824]
[11.49877486  9.61982604 -0.65882353]
[11.50266783  9.04868642 -1.83529412]
[11.47754775 10.94952118  0.70588235]
[11.47882335  9.12463167 -0.21176471]
[11.48001009  6.70113478 -1.24705882]
[11.47938682  2.15524437  0.47058824]
[11.20538689  9.28094577 -1.45882353]
[11.44665277  9.07027019 -1.43529412]
[11.42403562  8.45114693  0.54117647]
[11.39780235  9.63013974 -2.04705882]
[ 9.64435189 11.30033438 -1.45882353]
[11.3505763  12.40452237  0.61176471]
[12.4711922   9.20449644 -0.18823529]
[11.32597317  9.47062134 -1.24705882]
[11.32355482  6.62058582  0.91764706]
[11.29946951  8.31932159  0.84705882]
[11.28008191  6.77440882  0.16470588]
[11.24458446  4.09910377 -0.37647059]
[11.22137493 10.03055398  0.02352941]
[11.22907575  6.0949567  -1.43529412]
[11.45563621 10.87782697  0.23529412]
