[ 0.76675113  3.03471863 -1.11299204]
[-11.84686313   0.48479288  -1.27567619]
[ 3.15434416  3.3740762  -1.30522876]
[ 3.20714104  2.67624676 -1.64318182]
[-12.24969657   4.92834278  -2.01008403]
[-12.41608996  -7.80426628  -1.76941176]
[-12.42423366  -7.20760322  -1.74705882]
[11.73516993  3.76955259 -2.08235294]
[-11.30851856   0.79091811  -0.36078431]
[11.74070495  4.59354572 -2.10196078]
[-11.81995828   5.11826311  -1.69411765]
[12.16534997  8.39141457 -2.0627451 ]
[ 9.73395192  8.22520076 -2.10980392]
[10.74021078  2.11334058 -2.11764706]
[-11.62539135   2.81175732  -0.35294118]
[-11.58461387  -0.96373656   0.12941176]
[10.95393655 10.11429783 -2.10588235]
[-12.18903506   0.21088468   0.32941176]
[11.00984526  9.64523294 -2.11764706]
[-11.21026099   0.03729246  -0.67058824]
[11.31558108  0.45377708 -2.14117647]
[11.24658473  9.15136812 -2.09411765]
[10.57924421  2.54955989 -2.16470588]
[12.43074294 -2.85324981 -2.09411765]
[11.00490131  5.04595367 -2.11764706]
[ 1.12528598e+01  5.16194337e-03 -2.07058824e+00]
[11.35301535  5.95196184 -2.16470588]
[12.3514373  -4.0450791  -2.18823529]
[12.32364054 -2.42014043 -2.09411765]
[11.65410377  8.85580684 -2.16470588]
[11.94607202  3.33035844 -2.11764706]
[11.9712273   3.00359013 -2.14117647]
[11.6009275   5.17452081 -2.16470588]
[-12.45032572  -0.50534839  -0.14117647]
[-12.35585851   2.24813103  -1.2       ]
[-12.25444544  -6.64896352  -0.37647059]
[-12.09751806   4.62902578  -1.03529412]
[-11.87697465  -0.55130784  -1.92941176]
[-11.77178436   0.92228834  -1.08235294]
[-11.62320558  -0.72393062  -1.83529412]
[-11.50193201   3.80180488  -2.09411765]
[-11.47025024   0.59437052  -2.16470588]
[ 3.79644063  2.86941079 -2.14117647]
[-12.47502006   1.87375963  -0.8       ]
[ 1.92029427  4.00296241 -1.22352941]
[ 2.10455445  3.53058562 -1.83529412]
[-12.49600086  -2.3232926    0.49411765]
[12.44519261  7.74686182 -2.09411765]
[ 3.59941013  3.59574663 -2.18823529]
[ 8.79508807  6.84756933 -2.16470588]
[ 9.55340107 11.97299129 -2.18823529]
[ 9.77840807 11.55516579 -2.16470588]
[-11.02811064   2.34997395  -1.69411765]
