[ 0.77202655  3.0365979  -1.09174129]
[ 3.17981175  3.35945346 -1.24705882]
[ 3.25146132  2.67052121 -1.65429864]
[-11.84941272   2.69253958  -1.82431373]
[12.307315   12.09332964 -2.09411765]
[ 2.00759683  4.07538286 -1.4       ]
[ 1.222164    2.94213248 -2.03921569]
[11.3652188   9.49529947 -2.11764706]
[-0.92793216  2.93058452 -2.09411765]
[ 3.44699116  3.42999334 -2.        ]
[ 9.17013931 11.62847056 -2.11764706]
[ 9.80084781 11.24445813 -2.16470588]
[10.59787684 10.60039137 -2.11764706]
[10.97918648  9.98022745 -2.09411765]
