[ 0.7799221   3.05110789 -1.08937934]
[ 3.11614402  3.42566842 -1.25754902]
[ 3.2175789   2.72479198 -1.66292135]
[ 1.00493393  4.3479441  -0.45176471]
[10.15098611 -3.7791013  -2.15686275]
[-0.94234278  2.92345917 -2.03137255]
[ 1.90253096  4.09924438 -1.28235294]
[ 9.47147727 -0.41212292 -2.05882353]
[10.82464304  0.8366015  -2.11764706]
[10.75074134  1.68828366 -2.15294118]
[10.22402469 -2.95185388 -2.12941176]
[10.636925   -0.89866555 -2.14117647]
[11.75502871 -5.85327706 -2.18823529]
[11.45587477 -6.67846719 -2.11764706]
[ 10.77486686 -10.95365421  -2.07058824]
[10.65254662 -1.34892539 -2.09411765]
[ 10.62147322 -11.77403778  -2.16470588]
[10.57727693 -0.22072262 -2.07058824]
[10.30427884 -1.57917213 -2.11764706]
[12.22332959 -3.82595461 -2.16470588]
[ 9.77861818 -5.15533521 -2.14117647]
[ 9.646098   -0.99593644 -2.11764706]
[ 9.35409423  0.57975248 -2.07058824]
[ 8.75165819e+00  3.40224210e-03 -2.16470588e+00]
[ 2.0255652  11.25567833 -1.92941176]
[11.80473798  6.33073904 -2.11764706]
