[ 0.75259731  3.05185058 -1.09758149]
[ 3.13850409  3.37276373 -1.33422881]
[ 3.17073771  2.65394044 -1.66913779]
[-7.16424306 -4.17485015 -1.7719457 ]
[11.87844664  8.46544151 -2.13176471]
[12.16206215 12.3127692  -2.08627451]
[-9.41725274 -8.64204326 -2.01411765]
[ 1.14814503  2.92349381 -1.95294118]
[10.97494343  6.56341    -2.09411765]
[10.47967606 11.05987739 -2.12941176]
[12.42505954  7.82691213 -2.04705882]
[12.22576659  3.74986681 -2.14117647]
[12.09975271  4.04496341 -2.09411765]
[11.19537926  9.42914391 -2.11764706]
[10.90076988  9.75509989 -2.16470588]
[10.75183775  6.95257718 -2.11764706]
[10.42524376 10.37003208 -2.14117647]
[ 9.80296288  6.22019148 -2.11764706]
[ 8.43008977 10.45168938 -2.14117647]
[ 3.12925708  2.45250015 -2.14117647]
[ 2.12894536  3.82968017 -1.83529412]
[ 1.87578507  4.17150752 -1.62352941]
[-0.39918339  3.78068346 -2.04705882]
[12.24404339  7.54513242 -2.11764706]
