[ 1.03972697  3.08572754 -1.1173045 ]
[ 3.22656361  2.66220817 -1.6132117 ]
[ 3.50224764 -4.91263821 -1.44446142]
[11.30730656  8.33762634 -2.09411765]
[11.82555714 11.67683658 -2.05248869]
[ -2.72204355 -11.3930803   -1.94027149]
[12.29216385  6.39736615 -2.06797386]
[ 9.82055538 10.40075656 -2.1124183 ]
[ 9.62475423  7.95493133 -2.10588235]
[10.2581961   6.97420443 -2.11294118]
[10.66813681  6.04914707 -2.10588235]
[11.48918216  2.81222117 -2.11176471]
[12.44825296  0.59749003 -2.09411765]
[ 2.11863962  3.36839055 -1.84313725]
[11.3990896   3.67457155 -2.04705882]
[ 9.31048583 11.04855819 -2.15294118]
[ 9.11268225 11.73480318 -2.11764706]
[11.83884399 -5.51533337 -2.15294118]
[11.20110915  5.36378236 -2.12941176]
[11.47258087  4.80155019 -2.07058824]
[11.57457416 -5.87471172 -2.09411765]
[11.72912212  2.34442672 -2.04705882]
[11.35304427  4.2279212  -2.09411765]
[ 11.95503078 -10.57542558  -2.18823529]
[12.12668435 -4.22397855 -2.16470588]
[12.20497283  1.70318326 -2.11764706]
[12.34566573  2.81963997 -2.09411765]
[10.94945399  0.22728401 -2.16470588]
[10.75383272  0.75381524 -2.07058824]
[10.65177411  1.89685614 -2.14117647]
[ 9.84973967  4.55488235 -2.04705882]
[ 9.32288382 11.44847249 -2.11764706]
[ 9.17502496  2.92658531 -2.16470588]
[ 9.02007367  6.59610098 -2.11764706]
[ 8.948921   11.20432277 -2.14117647]
[ 8.95134482  6.14955509 -2.09411765]
[ 8.36973226 -0.30419237 -2.16470588]
[ 7.94461288  2.33043803 -2.11764706]
[ 2.02421195  4.17854949 -1.64705882]
[ 1.9537759   4.07483347 -1.31764706]
[ 1.95534716 -6.9760776  -1.08235294]
[-8.22221832 -5.81985827 -0.49411765]
[12.42013371 -2.77142336 -2.11764706]
