[ 0.76241181  3.05302441 -1.09548293]
[ 3.13581536  3.39726679 -1.24255319]
[ 3.24153835  2.7022258  -1.64669308]
[12.3241265  12.11950849 -2.08770053]
[-0.93190619  2.90719003 -2.        ]
[11.51730246  9.34150925 -2.1254902 ]
[ 1.90226631  4.06301933 -1.24705882]
[12.37087937  8.29479339 -2.11764706]
[12.20414151  2.25015707 -2.14117647]
[11.42606372 -0.05093269 -2.14117647]
[10.9033127   6.65424277 -2.11764706]
[10.80414623  9.72035953 -2.18823529]
[10.79757583  2.43042879 -2.16470588]
[10.44799836  7.9796787  -2.09411765]
[ 9.89569707 11.32511998 -2.14117647]
[ 9.24910976 -3.04720982 -2.09411765]
[ 3.22231139  3.19924086 -1.83529412]
[ 0.50201711  2.70499794 -1.90588235]
[-6.37406154e-04  3.59867220e+00 -2.11764706e+00]
[12.25230534  2.95260856 -2.14117647]
