[ 0.77438927  3.05405735 -1.1078896 ]
[ 3.13484582  3.39210566 -1.27896613]
[ 3.18511599  2.68656525 -1.66908636]
[ 9.93436755 -7.25870541 -1.98      ]
[ 9.09138649 -5.79867969 -2.00784314]
[11.73564816 -7.4110502  -1.93260219]
[ 8.09651688 -5.15482198 -2.02996904]
[ 11.00094542 -10.41466909  -1.95925395]
[ 10.40511803 -12.08443555  -2.01788235]
[ 7.70834485 -4.32791691 -2.00784314]
[ 7.98209336 -3.33048172 -2.05989305]
[  8.20305716 -11.61948342  -2.09176471]
[11.83536742 -2.17073029 -2.1210084 ]
[  7.26055626 -12.35515413  -2.07731092]
[ 7.04488689 -5.37979465 -2.05714286]
[ 6.60436158 -7.81290627 -2.08235294]
[12.23795929  9.09944981 -2.12235294]
[12.42907409 -5.03422435 -1.83058824]
[ 7.11771078 -3.63106017 -2.03529412]
[11.71422042 -2.96358383 -2.11764706]
[10.180555   -2.87839834 -2.09411765]
[ 0.01090188  3.81154681 -0.39411765]
[ 6.33170221 -6.43208851 -2.11176471]
[10.09057964  4.04614828 -2.1254902 ]
[11.66607405 -3.55837634 -2.11764706]
[ 6.1401898  -8.69165432 -2.1254902 ]
[ 7.8990575  -9.18371415 -2.07843137]
[12.45366611  8.45446369 -2.04705882]
[10.37638839 -2.15096049 -2.08235294]
[ 9.55013905 -1.29099305 -2.09411765]
[10.773447   -1.68678098 -2.07058824]
[11.09130248 -5.51332477 -2.08235294]
[12.37169937 -0.41534998 -2.12941176]
[ 3.4154971   3.52617045 -2.        ]
[ 7.51321698 -9.42845777 -2.08235294]
[  6.66371374 -10.60021678  -2.10588235]
[ 7.42230855 -2.95115146 -2.07058824]
[ 6.82425222 -6.18310218 -2.08235294]
[11.63775617  3.94061239 -2.09411765]
[ 6.92928084 -4.3008426  -2.02352941]
[ 6.65345656 -8.53957727 -2.09411765]
[ 5.90200053 -7.16326645 -2.08235294]
[11.82875193  3.42441487 -2.14117647]
[11.95000987  3.12932405 -2.11764706]
[12.37384138  0.09742196 -2.16470588]
[11.1761714  -4.54510733 -2.14117647]
[11.37387968  6.12456934 -2.16470588]
[11.45486431  4.65223572 -2.09411765]
[11.41966477  5.34931014 -2.09411765]
[12.2281631  -0.81934152 -2.11764706]
[12.14684891  2.72545215 -2.11764706]
[11.99504606 -1.32686958 -2.09411765]
[11.12513171 -4.99480281 -2.16470588]
[-12.4481927    3.10119103  -2.16470588]
[ 1.89455206  4.08058102 -1.27058824]
[ 2.0737322   3.77908342 -1.67058824]
[ 2.25228638  3.32231287 -1.97647059]
[  4.53078722 -12.15463089  -2.16470588]
[ 5.02657029 -6.87857113 -2.04705882]
[ 5.45592868 -7.53095399 -2.09411765]
[ 5.57055459 -6.32941583 -2.14117647]
[ 6.3240526  -2.55335288 -2.07058824]
[  6.45417428 -11.01955164  -2.16470588]
[ 6.59668378 -4.97731604 -1.95294118]
[12.39824099  0.89786601 -2.11764706]
[ 6.74498608 -4.64553284 -1.97647059]
[  6.77809662 -10.04416207  -2.        ]
[ 7.19820732 -9.55148947 -2.09411765]
[ 7.35442802 -9.82394473 -2.07058824]
[ 8.42553287  5.14999525 -2.16470588]
[ 8.7219459   4.51955839 -2.16470588]
[ 9.17744349 -3.17945854 -2.09411765]
[ 9.23089965 -1.97125963 -2.07058824]
[ 9.35065193  3.13014493 -2.07058824]
[ 9.37904613  5.62722536 -2.16470588]
[ 9.60221742  0.40346562 -2.11764706]
[ 9.84458711  0.72100975 -2.11764706]
[ 6.65154973 -3.40193187 -2.        ]
