[ 9.99674207  5.81042844 -0.53600051]
[ 0.65860843  3.12045999 -1.08845241]
[ 3.1771011   3.14074793 -1.41837149]
[-11.14255115  11.04525672  -1.23298319]
[-9.17774652 12.10312784 -0.26444023]
[ 7.42895702 11.95521832  0.28375768]
[ 7.83558184 10.01299963 -1.48088235]
[-11.61084186  12.0350126    0.06315789]
[12.07866773  5.32666498  0.45882353]
[-8.02231261 12.32462527 -1.52321981]
[10.93898056  7.09941553  0.46535948]
[-10.32949538  12.27505692  -0.68235294]
[ 8.85786417 11.46044002  0.47320261]
[-12.19335262  11.62851884  -0.1       ]
[ 8.9215714  10.7340597  -1.23697479]
[8.95866333 8.84569286 0.25882353]
[11.17496353  7.16730987 -0.5254902 ]
[12.32801799  1.11172607  0.3254902 ]
[ 9.02486416  7.92418129 -1.80784314]
[-11.51484453  12.26346092  -2.04235294]
[-12.04917082  10.95522501  -1.83529412]
[-9.72411628 11.79466042 -1.67058824]
[ 7.93709366  9.56971952 -1.14823529]
[ 2.0751535   3.67777929 -1.78235294]
[ 9.51382938  9.74070066 -0.84117647]
[10.05717863 10.68061278  0.34117647]
[11.48717187  6.00591456 -1.89411765]
[ 9.05113521  8.79892352 -0.95882353]
[9.06321248 9.351204   0.13529412]
[ 9.20277848  4.89150127 -1.91764706]
[ 7.14021413 11.17599309 -0.47058824]
[ 8.04909938 10.4871365  -0.87843137]
[ 1.35049251  3.64917777 -1.43529412]
[11.50794306  7.23364104  0.2745098 ]
[-7.4586288  12.3605367  -0.39215686]
[11.15074769 10.12418289 -2.14117647]
[ 8.31004359 10.86622434 -1.65490196]
[11.031188    2.59067857 -1.89019608]
[10.79945764  2.1224907   0.2745098 ]
[ 8.43411604  9.50156194 -1.95294118]
[ 8.5757761  12.15132539 -0.82352941]
[-11.15825618  12.08273811  -0.50196078]
[ 8.64895868 10.21629352 -2.03137255]
[12.40087082  0.74214942  0.4627451 ]
[11.2409089   4.67420626 -1.89019608]
[12.24966431  8.08245429 -2.0627451 ]
[12.03466183  6.38504784 -1.6       ]
[11.4503048   7.47158349  0.03529412]
[11.41440045  7.52143777 -1.92941176]
[ 7.93596219 11.25060037 -0.8       ]
[ 8.04027689  9.373653   -1.91764706]
[ 9.962895    9.02658736 -1.4       ]
[10.22480315  9.13637242 -0.11764706]
[ 9.53002264  9.23439981 -0.77647059]
[ 8.70339019 12.19854498  0.4       ]
[10.73828448  1.28693588 -2.12941176]
[ 8.82265439  9.31236428 -0.81176471]
[ 9.08712117  9.47126526 -0.37647059]
[10.30890889  5.52394661 -1.56470588]
[10.31150904  5.42419975 -1.94117647]
[ 8.54137691  5.46036515 -2.        ]
[-11.20040918  12.41302478  -0.75294118]
[-10.35229991  12.38390711  -1.25882353]
[-10.13621248  12.43653829  -0.27058824]
[11.90021509  3.64021961 -0.41176471]
[11.72660329  6.06225581 -1.43529412]
[-11.52272631  11.33692574  -0.22352941]
[-8.82735178 12.31063322 -1.84705882]
[12.23847914  1.5178607   0.55294118]
[12.31604287  3.72606053 -0.28235294]
[-11.92964502   9.86809911  -0.96470588]
[-11.96524464  11.27717945  -2.02352941]
[ 7.14168384 11.3263224   0.45882353]
[11.5620455   5.3534365  -1.42352941]
[ 9.78752143 10.19958406 -0.22352941]
[12.41318541  1.0162374  -0.71764706]
[10.45360147 10.65397631  0.54117647]
[12.12252267  1.74640775 -1.62352941]
[12.14742042  4.49883785  0.02352941]
[ 9.82112143  2.25440779 -2.        ]
[12.14680643  9.25206897 -2.16470588]
[12.16917075  3.77418523 -0.75294118]
[10.44662465  8.47470921  0.65882353]
[10.45218312  3.54659234  0.25882353]
[10.37503029  6.69545582  0.68235294]
[10.32752744  7.74441539  0.37647059]
[12.34618558  3.8704411  -1.48235294]
[10.12497489  8.74799511  0.11764706]
[10.25009767  1.22277669 -2.09411765]
[10.17412746  8.85116089 -1.12941176]
[12.32972043 -0.679771   -2.11764706]
[10.20475226  8.17173539  0.65882353]
[ 9.93000185 11.25037635  0.77647059]
[11.41974802  4.97220731 -0.58823529]
[11.42435486  5.75246124 -1.43529412]
[11.37262882  4.92350627  0.21176471]
[11.35258236  7.85081588  0.21176471]
[11.45470158  3.22837213 -1.95294118]
[11.32331506  4.56993968 -0.63529412]
[11.45586708  7.14845652 -1.01176471]
[11.49672961  8.04593452 -1.31764706]
[11.57277234  7.28003639 -0.37647059]
[11.57437165  7.84910229 -0.65882353]
[11.11965069  8.41999975 -1.17647059]
[11.10126233  7.62027214  0.68235294]
[ 9.7947481  11.19772736  0.35294118]
[11.60238705  3.80261797 -0.65882353]
[11.6247476   7.87496681  0.04705882]
[11.62727492  9.02594042 -2.09411765]
[11.64753655  9.75101614 -2.16470588]
[11.72615877  4.79406368 -2.        ]
[10.71980251  8.77928022  0.56470588]
[10.70390757  6.77595332 -1.41176471]
[11.87516396  7.77124476 -0.63529412]
[11.92679974  0.90591813  0.11764706]
[10.55513766  2.39806726 -2.07058824]
[11.95158196  4.70272333 -1.6       ]
[12.0490256   4.97009332 -1.74117647]
[11.59603454  1.50414543 -0.51764706]
[-10.00093662  12.22494288  -1.27058824]
[-9.95305853 11.87094325  0.21176471]
[-9.730103   11.82772809 -1.03529412]
[-9.67595774 12.37787767 -0.65882353]
[-9.27918531 11.4238965  -2.16470588]
[-8.84555716 11.45241866 -0.61176471]
[-8.07653444 12.47304467  1.01176471]
[ 8.77283648 11.40108039 -0.23529412]
[ 1.90239748  4.10378942 -1.2       ]
[ 5.570279   12.22415893 -0.4       ]
[ 5.69479433 12.44765943  0.09411765]
[ 6.17566805 12.42237868 -0.32941176]
[ 6.52428266 12.34801808 -0.44705882]
[ 6.80564956 10.87781551 -0.63529412]
[ 6.79569084 11.65438908 -0.21176471]
[ 6.91972859  9.32332215 -1.85882353]
[-7.60005285 12.47833269 -0.98823529]
[-12.47727445  10.95397898  -1.95294118]
[-12.47685747  11.37255462  -0.56470588]
[-12.45134305  12.45082244  -0.09411765]
[-12.12240187  10.98078612  -0.49411765]
[-11.95074813  10.22993583  -1.69411765]
[-11.75590176  12.32163723  -0.65882353]
[-11.47385752  12.47656442   0.30588235]
[-11.40303504  12.10490352  -1.52941176]
[-10.00590706  11.6527727   -2.14117647]
[-11.34687467  12.27287762  -1.27058824]
[-10.99672505  10.40396415  -0.8       ]
[-10.92781182  12.24582177   0.8       ]
[-10.75493065  12.3771369   -1.29411765]
[-10.55213289  11.42081489  -2.        ]
[-10.44529348  12.44799797  -2.04705882]
[-10.2256578   11.77962254   0.37647059]
[-10.1010904   11.04538959  -2.04705882]
[-11.37757345  12.12783062  -0.98823529]
[12.42146903  4.63095724 -2.18823529]
[ 9.07311303 11.60400299  0.94117647]
[ 9.1219444   8.32980223 -0.94117647]
[ 9.14992407 10.82833979 -0.63529412]
[ 9.15554065 12.07827399  0.70588235]
[ 9.18038177  6.15043202 -0.25882353]
[ 9.27526052 10.25288254  1.10588235]
[ 9.30082218 10.62805801  0.        ]
[ 7.15035186 12.40054832  1.01176471]
[ 9.52581278  9.55526477 -1.45882353]
[ 9.57889677  7.94450804 -2.11764706]
[ 9.57455276  8.22525944 -1.10588235]
[ 9.60071581  9.74845515 -1.2       ]
[ 9.65354364 11.50312598  0.4       ]
[ 9.7259608   6.9776619  -0.58823529]
[9.77596303 8.02712633 0.58823529]
[ 9.779746    9.45346937 -0.94117647]
[ 9.47993456  9.72607593 -0.09411765]
[ 7.42524576  9.42394863 -2.07058824]
[ 7.62661058 10.002057    0.14117647]
[7.64982986 9.87283825 0.96470588]
[ 7.66960459 10.66910444 -0.75294118]
[ 7.72299838  7.27376377 -1.85882353]
[ 7.72547969  8.22453588 -1.83529412]
[ 7.82461319  7.92731751 -1.74117647]
[ 7.97063876 12.32990795 -0.35294118]
[ 8.69469993 10.50427087 -1.64705882]
[ 8.12597752 10.0709521   0.42352941]
[ 8.15429965 12.47277677  0.96470588]
[ 8.30371355 11.92524963 -0.91764706]
[ 8.35176462 11.37786272 -1.95294118]
[ 8.52232378  5.72709399 -1.76470588]
[ 8.55333737  7.82827155 -1.92941176]
[ 8.54567622 11.87227026 -0.47058824]
[ 8.65059896 11.54850141 -1.45882353]
[ 8.02264512  7.45573806 -1.69411765]
