[ 1.3771759   3.06271709 -1.170885  ]
[ 2.7955422  -6.44262508 -1.56617647]
[12.11650434 12.16497661 -2.08235294]
[11.88628445  7.98706901 -2.10588235]
[11.12483029  9.41343196 -2.14117647]
[12.33839091  7.40399968 -2.15882353]
[12.32863542  8.35736506 -2.10196078]
[12.22750795  9.0001469  -2.11764706]
[-0.04190946  3.80515623 -0.58039216]
[11.52045117  8.63380012 -2.05490196]
[10.39307845  7.08765822 -2.14901961]
[10.62598189 10.07862461 -2.14117647]
[10.19900637 10.96259738 -2.10588235]
[ 1.8619746   4.07519881 -1.17647059]
[ 9.96585286  7.88000935 -2.10588235]
[ 9.20135925 12.03567898 -2.14117647]
[ 2.02354237  3.7732045  -1.75294118]
[ 3.59880128  3.17987734 -1.85882353]
[11.91901079  9.54670376 -2.16470588]
[11.81987667  7.25390061 -2.07058824]
[ 8.79809362 12.25127721 -2.16470588]
[11.75264927  8.92726313 -2.09411765]
[11.72248275  5.32993619 -2.14117647]
[ 1.20318406  3.22626291 -1.90588235]
[11.22754073  2.04639448 -2.09411765]
[ 1.29790052  4.60270069 -1.52941176]
[10.97470154  3.25423293 -2.14117647]
[10.7741477   6.22568994 -2.11764706]
[10.72873617  6.5962599  -2.16470588]
[ 9.74886365 11.72782486 -2.11764706]
[10.07890562 11.52709191 -2.14117647]
[ 8.96965634  7.22715088 -2.11764706]
