[ 1.15708937  3.05079961 -1.20502114]
[11.65302757  7.93530285 -0.63832382]
[12.01128311  1.80769082 -0.71414944]
[12.29171748 -0.05378551 -0.85221023]
[12.0139348   3.06065285 -1.96705882]
[12.28030498  8.09446915 -1.06029412]
[12.30028583  3.12517844  0.10457516]
[12.34118952  5.86853212  0.64313725]
[ 2.08975781  3.6832531  -1.74453782]
[-9.35410803  8.08383415 -1.89411765]
[11.48652733  8.91273948  0.70588235]
[12.23737082  3.49858366 -0.44235294]
[11.49010745  4.42136663 -2.03294118]
[11.37644418 -0.73601929 -1.98235294]
[11.04744746 10.19521945 -1.7       ]
[12.25502154  9.81271597 -2.01764706]
[ 1.1527212   2.99775814 -2.03529412]
[12.31236021  3.8513502  -1.98823529]
[12.42712393  8.02516265 -1.94509804]
[12.36722665  1.68541387 -1.94509804]
[11.28421114 11.56652075  0.24313725]
[12.22548957  9.10008454 -1.45882353]
[11.67084652  2.12897594 -2.01176471]
[12.23687695  4.17629788 -1.77647059]
[12.28730596  8.27366915 -0.47058824]
[12.13958524  8.67661117 -1.82352941]
[11.86056791  7.54730629 -1.15294118]
[11.95001088  7.84996611 -1.22352941]
[11.41027156  4.09836394 -0.44705882]
[12.07261411  8.10116953 -1.57647059]
[12.31442575  2.35242354 -1.8       ]
[11.37588842  4.94876337 -1.98823529]
[12.4739375   9.03840165 -0.74117647]
[11.31293041 10.45342208 -1.98823529]
[ 1.95552874  4.08676291 -1.16470588]
[10.00282568  7.11319055 -2.08235294]
[12.45228064  5.05130141  0.63529412]
[12.42043977 12.28030408  0.75294118]
[12.04609528  9.69987786  1.10588235]
[12.050043    9.77536224 -0.47058824]
[12.42137656  4.67180161 -0.8       ]
[12.06923726 10.94753702 -2.04705882]
[12.42782528  3.57324815 -1.03529412]
[12.4285941  -2.02911541  0.        ]
[12.40255287  3.85094184 -0.37647059]
[12.12959441 10.20243937 -1.45882353]
[12.37879481 11.65538262  0.54117647]
[12.37804565  0.77643924 -1.71764706]
[12.37165903 -2.84691068 -2.16470588]
[12.35158566 -0.37724696 -1.74117647]
[12.35368267 -3.85189546 -2.18823529]
[12.25014343  8.62242189 -0.91764706]
[12.17429776  8.61907715  0.32941176]
[12.18033726  9.04443224 -0.32941176]
[12.02321632  8.47488618  0.04705882]
[12.02498549 12.42649191 -2.        ]
[11.27927529 10.02477881 -1.90588235]
[11.25582285 11.39930528 -1.43529412]
[11.04770663  8.79784856  0.75294118]
[11.02724762  8.95565281 -1.97647059]
[10.84519979  8.47809565 -2.04705882]
[10.82645092 12.10320143 -0.77647059]
[10.72436033  9.0784466   0.68235294]
[12.45341092  7.62874054 -1.95294118]
[10.65244934  9.47762868 -0.94117647]
[10.62830309  8.773188   -2.04705882]
[10.56945614  6.40595682 -2.        ]
[10.44600567  9.89792079 -2.11764706]
[10.40284967 11.00387773 -0.77647059]
[ 1.4300236   3.90072288 -1.17647059]
[-0.37075565  3.61905591 -2.02352941]
[-0.91964528  2.94916129 -2.16470588]
[10.64819048 10.27849188 -0.44705882]
[11.97003209  4.47556524 -1.85882353]
[11.9538939   8.25460053 -2.04705882]
[11.9556214  -2.14474113 -2.04705882]
[11.89973429  7.50339545 -2.11764706]
[11.88083815  5.53003105 -2.02352941]
[11.85038459  8.85215275 -0.32941176]
[11.79951066 10.72317679  0.75294118]
[11.7945761   8.05556228  0.42352941]
[11.34703462  0.14820353 -2.18823529]
[11.72288053 12.47468745 -0.37647059]
[11.69466871  4.64944949 -1.88235294]
[11.60527806  9.72809015 -0.02352941]
[11.5691653  10.9012002  -0.98823529]
[11.54587321  3.82518499 -2.16470588]
[11.40142749  3.4212527  -2.16470588]
[11.37127581 10.63063533 -1.67058824]
[11.34906499  6.62299488 -2.        ]
[11.74832133 11.47488227 -0.16470588]
