[ 1.02415902  3.09366814 -1.14259616]
[ 3.15251817  2.70366645 -1.63397059]
[-0.205573   -6.33652876 -1.63454318]
[ 6.03391178  2.49584575 -0.85882353]
[11.5163171   9.50993523 -2.11764706]
[11.29310352 10.04205754 -2.10980392]
[12.1859849   3.67305621 -2.12941176]
[11.75011047  8.99995033 -2.08235294]
[ 2.01470038  3.72642102 -1.83529412]
[11.02805668 10.45005092 -2.14117647]
[12.45164797  2.39683849 -2.09411765]
[12.39693099  7.82763057 -2.04705882]
[ 1.21995509  2.82152184 -2.09411765]
[12.15398612  2.03000711 -1.97647059]
[11.97754577  8.65320358 -2.14117647]
[11.95577132  4.45286883 -2.14117647]
[11.8529837   4.05355721 -2.09411765]
[ 2.40336243  3.04823576 -1.03529412]
[11.14924003  6.0953935  -2.16470588]
[12.44655209  8.17618786 -2.04705882]
[10.65404636  7.14475765 -2.09411765]
[10.42699539  3.12481137 -2.16470588]
[10.02140047 11.55282995 -2.16470588]
[ 9.99998686  1.52350383 -2.07058824]
[ 1.87085271  4.02643228 -1.29411765]
