[ 0.70179901  3.07284869 -1.13886762]
[ 3.08389363  3.44650068 -1.37459506]
[-11.96230579   2.98183128  -1.50642119]
[ 3.15635686  2.75135139 -1.72020064]
[-12.26975933  -1.89594528  -1.61788235]
[-12.35025301  -0.89034474  -0.74705882]
[-12.43420957   0.81217328  -1.88011204]
[-11.59218995   1.97244306  -2.00392157]
[-12.34236657   3.73243911  -1.08235294]
[ 1.94102748  4.25893822 -1.6       ]
[-12.49090849   1.6652545   -1.55294118]
[-12.40163707   4.11119766  -1.61176471]
[-12.3220783    1.50151846  -2.07058824]
[ 1.87436323  4.12356989 -1.17647059]
[ 1.85050513  3.62685547 -1.6       ]
[ 0.49486494  2.6993132  -1.97647059]
[-2.02876983  1.7205623  -1.01176471]
[-11.34858621   3.24413343  -1.27058824]
[-11.80445131   3.92174009  -1.92941176]
[-11.87614123   3.62021881  -0.96470588]
[-12.07179596   0.29585778  -1.78823529]
[-12.09656028   2.00555492  -1.50588235]
[-12.37586312   3.79472864  -1.48235294]
[-12.42368733   1.82396113  -2.        ]
[-12.43093851  -1.24805203   0.21176471]
[-12.4731633    0.42413484  -0.30588235]
[-12.47891892  -0.65525255  -0.16470588]
[-12.49684237  -2.2974999   -1.27058824]
[-12.37759076   3.92101691  -2.09411765]
