[ 1.01728177  3.11639369 -1.12510187]
[ 3.12500964  2.73390216 -1.65725944]
[ 4.26651685 -6.19232656 -1.625     ]
[12.00328199  7.0980149  -2.09984102]
[11.9904803  11.98173189 -2.06941176]
[10.83268524  9.23698915 -2.09019608]
[10.35026077  7.01445918 -2.11764706]
[12.0701481   2.25888794 -2.08235294]
[11.42490258  4.55832609 -2.11764706]
[10.69158203  1.86766786 -2.10980392]
[10.04683173  7.78617255 -2.11764706]
[11.2586362   4.2029303  -2.12941176]
[10.43955357  9.97701587 -2.10588235]
[10.18681954  3.8227236  -2.14117647]
[11.51424123  3.48946286 -2.07058824]
[12.25206854  1.71356609 -2.05882353]
[11.26402842  5.05054911 -2.10588235]
[11.59442671  3.9940151  -2.02352941]
[12.12902085 -4.00196307 -2.16470588]
[12.35079795 -4.62651002 -2.09411765]
[12.44462526  0.32100889 -2.09411765]
[10.82388582  1.44845518 -2.14117647]
[ 9.85311992  4.77824641 -2.09411765]
[ 9.65327365 11.24918015 -2.09411765]
[ 9.35140134  8.02554929 -2.16470588]
[ 9.22765187  8.37986189 -2.11764706]
[ 8.97993152 11.72411595 -2.16470588]
[ 8.94430889 12.12888947 -2.14117647]
[ 2.00155101  3.57998454 -1.78823529]
[ 1.39618873  4.92285525 -1.57647059]
[-1.00169416  3.12399963 -2.09411765]
[12.37561742 -2.57627804 -2.16470588]
