[ 0.95732187  3.1322894  -1.11981395]
[ 3.137813    2.7748982  -1.64429839]
[11.22996093  7.60860708 -2.07084399]
[11.4738633  10.87513324 -2.01340283]
[-5.86616232 -4.4552598  -1.82941176]
[ 9.24008927 10.82288923 -2.08888889]
[11.63554324  3.109326   -2.08235294]
[10.77893201  5.49745561 -2.10420168]
[-8.40138018 -9.20519085 -1.91932773]
[11.03203832  4.44985876 -2.09803922]
[10.47147549  2.57686224 -2.14117647]
[12.33778213  0.75271157 -2.10823529]
[ 9.72501261  4.33582766 -2.11764706]
[12.12317916  1.93023549 -2.11176471]
[ 8.44346724 11.66923277 -2.1       ]
[10.46402775  6.11843826 -2.11176471]
[ 9.61546106  7.52594437 -2.08823529]
[10.01743338  3.43913748 -2.10980392]
[12.4505146  -0.12205289 -2.08235294]
[12.42479659  4.91470526 -2.07058824]
[ 9.39944022  8.06293037 -2.11764706]
[ 9.1232164   8.27589307 -2.12941176]
[ 1.83866308  4.15971146 -1.45882353]
[ 8.68725068  6.05167492 -2.11764706]
[ 8.43805717  6.65146648 -2.11764706]
[12.35500023 -0.6798028  -2.16470588]
[-0.40566631  2.22889169 -1.92941176]
[ 1.02757015  2.8550857  -1.92941176]
[ 2.35425976  3.42710488 -2.02352941]
[10.82354159  0.95564904 -2.16470588]
[ 8.23030256  7.2048877  -2.16470588]
[ 9.02332255  6.1740447  -2.16470588]
[10.25385733  4.17838269 -2.07058824]
[10.17202887  2.52453215 -2.16470588]
[ 9.87131134  3.8301226  -2.04705882]
[ 9.72734841  6.97565538 -2.14117647]
[ 9.52778943  2.64603779 -2.09411765]
[-5.17598928 -2.95501277 -1.74117647]
