[ 0.71360739  3.08667637 -1.14277168]
[-11.26778402   0.92515103  -1.08688464]
[ 3.05452757  3.50006549 -1.32753623]
[ 3.14793014  2.81362267 -1.68389585]
[-12.21635867  -6.65974229  -1.35498298]
[-12.12556657   0.74247678  -0.61764706]
[-12.35536971   0.73359481  -1.31764706]
[-12.40365595 -10.21283367  -1.81699346]
[-11.24195285   5.31147691  -1.89411765]
[-0.96143556  2.90078259 -1.83529412]
[-12.43539199  -0.37231557  -1.56078431]
[-10.3866137    0.52257609  -0.54117647]
[-11.54073658  -5.65350701   0.16470588]
[-11.82534216   4.38161921  -0.83921569]
[-12.4135728   -2.3206327   -1.62352941]
[-10.36515538   3.42895214  -0.96470588]
[-10.4377372    3.8626659   -0.25882353]
[-11.06322737   5.12396154  -0.84705882]
[-12.01481223   3.34785851  -2.04705882]
[-12.20160675   1.17138883  -1.21176471]
[-12.49917295  -2.24986706  -0.77647059]
[-12.32315683  -5.5756878    0.        ]
[-12.44166339  -5.70407669  -0.35294118]
[-12.32070525  -7.65115859  -1.22352941]
[-12.22490869   0.35058779  -0.25882353]
[-11.88920346  -2.28962448   0.50588235]
[-10.02674406   4.54995885  -2.07058824]
[-10.11963811   2.72312949  -1.41176471]
[-10.32561674   3.978529    -0.87058824]
[-12.47820312  -0.97863333  -0.82352941]
[-12.48091825  -9.15499236   0.8       ]
[-12.49589211  -1.72238783  -0.96470588]
[-0.40497939  2.22058037 -1.92941176]
[-10.74805695   4.84812543  -0.87058824]
[-11.02443124   5.63032814  -1.6       ]
[ 1.90580732  4.26948278 -1.64705882]
[-11.04865311   1.80242398  -1.05882353]
[-12.40468836  -6.07615487  -0.37647059]
[-11.37589644   3.10181495  -1.24705882]
[-11.69435285  -7.10403119  -1.01176471]
[-11.77712405   5.04843367  -1.64705882]
[-11.82020025  -1.63045771  -1.95294118]
[-12.29405172  -5.85313691   0.21176471]
[-12.10032848   3.14751251  -1.62352941]
[-12.29867398   2.88023518  -1.92941176]
[-12.14872321  -0.28077659  -1.05882353]
[-12.14491484  -6.57954763  -0.49411765]
[-12.17214082   3.85037058  -1.64705882]
[-12.1735466   -6.52779411  -0.8       ]
[-12.20436545  -9.429492     0.61176471]
[-12.27756841  -1.72541882  -1.97647059]
[-12.22220761  -1.88092616  -0.87058824]
[-12.50508013  -9.64511885   1.05882353]
