[ 0.84550919  3.15689174 -1.1539046 ]
[ 3.10027221  2.78327945 -1.66351403]
[ 3.45819979 -4.67524972 -1.46985294]
[ -2.16647958 -11.47268296  -1.88235294]
[ 1.32198222  3.72398717 -1.54117647]
[ 2.0100768   3.7634516  -1.81176471]
[-1.87764847  3.05574889 -1.36470588]
[-0.35203832  4.14792985 -2.02352941]
[-0.12051141  3.6044216  -2.11764706]
[10.34644238 11.14672924 -2.09411765]
[11.32710743 10.54874613 -2.16470588]
[11.54954785  6.72312519 -2.11764706]
[12.11969565  9.22333855 -2.16470588]
[12.12954127  9.67697279 -2.09411765]
