[-7.03271505  6.40495776 -0.67573598]
[ 0.75697462  3.07636558 -1.13182568]
[-1.03694688 10.01691207 -1.26830553]
[ 3.14190123  3.18922587 -1.47841017]
[-3.20024566 10.49922905  0.05527544]
[-6.01153003  9.65037754 -0.38509804]
[-2.27848722  9.63013833 -0.17254902]
[-7.24870736  9.65958574 -0.53445378]
[-4.18401105 10.33896636 -0.21008403]
[-11.096747     4.33922439   0.39495798]
[-12.28490193   2.5206755   -1.90784314]
[-10.65903411   5.45914048   0.52834225]
[-11.80319509   4.28867515   0.49176471]
[-2.12618195 11.73090436 -1.63921569]
[-11.33526144   4.92405107   0.54411765]
[-6.67775098 10.57767767 -0.28627451]
[-6.07673204  8.16809586 -1.96862745]
[-8.04008582  7.63790678 -1.21960784]
[-5.45657241  9.94208365 -1.21882353]
[-7.43899652  7.17452682 -0.49882353]
[-11.25843069   4.22807393  -0.15529412]
[-9.45580784  7.05571006  0.50823529]
[-10.27072422   7.16522823  -1.14352941]
[-5.21018876 10.18777007 -0.92941176]
[-10.8775774    4.9839492   -0.57058824]
[ 0.16220134  9.22522232 -1.38235294]
[-5.9660194   8.0988887  -1.21176471]
[-4.8424498   9.6267682  -0.95882353]
[-2.64270191 11.99795047 -1.66470588]
[ 1.9873827   4.23818739 -1.61764706]
[-7.97745333  6.93259666 -0.79411765]
[-9.77008456  7.01141699 -1.02352941]
[-10.61575025   6.70169408  -1.82745098]
[-4.95394269 12.10675381 -0.96470588]
[-1.9938664  10.93086941 -1.52156863]
[-7.4265159   7.10033377 -1.51372549]
[-10.08198129   6.88293978  -0.48627451]
[-9.5310404  5.4333256  0.5254902]
[-11.56690805   6.12523435  -0.78431373]
[-11.84159899   6.83486814  -1.01960784]
[-6.94026885  7.47646778 -0.81568627]
[ 0.30869039 10.63203901 -1.28627451]
[-3.9687996   9.20000843 -0.8627451 ]
[ 0.50564325 11.70310173 -1.09019608]
[-12.33090618   2.61015907  -1.52156863]
[-5.97415883 10.16900586 -1.09019608]
[-4.7663156  11.53738419 -0.96470588]
[-4.72494496  8.24629886  0.18823529]
[-4.46791494  9.39622445 -0.35294118]
[-8.33666635  7.16010588 -1.38823529]
[-7.86209245  7.01177646 -1.38823529]
[-7.76446625  7.8910242  -0.74117647]
[-7.71044124  5.32515772 -1.97647059]
[-5.41223036  9.11137805 -0.65882353]
[-7.53307568  7.86232787 -1.76470588]
[-7.53750211  8.44538325 -1.24705882]
[-7.29072227  8.83778169 -1.27058824]
[-7.18969042  8.71177718 -1.90588235]
[-7.03975428  8.45152948  0.6       ]
[-7.0043249   8.64626796 -1.24705882]
[-6.15206969  7.32191768 -1.25882353]
[-6.81199416 10.20346374 -0.61176471]
[-6.45092059 11.43615413 -1.24705882]
[-6.56386274 10.75344139 -0.88235294]
[-6.44002638  8.63740637  0.27058824]
[-8.78638152  7.20957118 -1.78823529]
[-11.17427028   4.92652834  -1.08235294]
[-2.06522119 10.76407723 -1.83529412]
[-2.18740854 12.21460329 -2.12941176]
[-2.49091795 10.58768453 -1.57647059]
[-2.69106834 11.43642451 -1.68235294]
[-10.09868728   7.24587351  -1.76470588]
[-9.91096331  6.81468913 -0.17647059]
[-1.2120574  11.70194226 -1.02352941]
[-12.4608843    3.92171478  -0.11764706]
[-9.78770808  5.94922776  0.63529412]
[-11.9259141    5.01122209  -1.87058824]
[-6.50054886  7.91628858 -0.70588235]
[-9.36386369  6.88614753 -1.08235294]
[-1.21324773e+01  4.93375835e+00 -1.17647059e-02]
[-12.07842847   4.22293322  -1.62352941]
[-1.52917714 11.10445947 -1.97647059]
[-1.70287488 11.54593799 -1.31764706]
[ 2.13035078  3.02121014 -1.90588235]
[-6.52393554  9.04950787 -1.69411765]
[-6.49905086  9.60578322 -1.05882353]
[-1.27393201 11.72102147 -1.34117647]
[ 0.14923286 11.02272732 -1.03529412]
[-6.12665313  8.51971916 -1.69411765]
[-0.04782195 11.40148036 -0.51764706]
[-0.99471384 11.10153517 -1.31764706]
[-0.99662947 11.95262961 -1.36470588]
[-6.39508453  7.74672376 -1.15294118]
[-0.79571093 11.07214619 -0.4       ]
[-0.42333836 10.74759599 -2.02352941]
[-0.62808129  9.27856794 -2.09411765]
[-1.6233244  11.56932531 -1.90588235]
[-3.52309655  9.68049449 -0.28235294]
[-3.74927927  7.47547682 -0.63529412]
[-3.52597902 11.10500111 -1.50588235]
[-4.06933243 11.67506784 -0.21176471]
[-4.13046327  9.57983161 -1.29411765]
[-4.35500335  8.92824946 -0.18823529]
[-3.496745    8.4255349   0.44705882]
[-4.37212481  6.55585017 -1.55294118]
[-3.50016129  9.64645704  0.23529412]
[-4.5500273   8.02739395  0.35294118]
[-6.55406823 10.48092333 -0.58823529]
[-3.50446908 10.75253111 -1.50588235]
[-4.74536495 11.12163453  0.07058824]
[-3.24817512  8.00146828  0.30588235]
[-4.90080858 10.79663819 -0.35294118]
[-3.19847246  9.74405334 -0.02352941]
[-4.94713308 11.65416296  0.        ]
[-4.94939652  9.60057455 -0.14117647]
[-2.97715909  9.55424752 -1.83529412]
[-2.00141391 11.84648539 -1.22352941]
[-1.83040495 11.05407766 -0.89411765]
[-1.74893725 12.39688272 -1.48235294]
[-4.59906449  9.58055904  0.11764706]
[-11.37503868   6.62172442  -1.48235294]
[-11.30157804   6.80513457  -1.71764706]
[-11.22155268   4.70112949  -1.74117647]
[-11.12506339   4.6469941   -1.41176471]
[-11.05290909   6.05476718   0.49411765]
[-10.99418544   4.15470076  -1.12941176]
[-10.80371013   6.57122789  -0.32941176]
[-10.70400433   3.57514241   0.02352941]
[ 2.55001997  2.92230608 -1.50588235]
[-10.70278271   7.10464397  -0.68235294]
[-10.67968231   4.60557234  -0.58823529]
[-10.67464163   7.37740232  -0.96470588]
[-10.58033      3.10511644  -1.36470588]
[-9.87046786  7.27334706 -0.51764706]
[-9.85229755  4.37551659  0.14117647]
[-9.50356356  6.92720924 -1.64705882]
[-9.25432435  4.05522883 -0.4       ]
[-10.70161153   4.19588274  -1.81176471]
[-12.45106637   4.95518401   0.4       ]
[-12.45531185   5.57616845  -1.34117647]
[-12.39506106   3.45063326   0.63529412]
[-12.38018384   5.32387659   0.35294118]
[-12.25146613   4.47184734   0.42352941]
[-12.25400148   5.4514941   -0.87058824]
[-12.17469546   3.82402064  -0.25882353]
[-12.07305493   5.37751519  -1.62352941]
[-11.47561273   6.25036627  -0.49411765]
[-11.93052375   4.02987659   0.04705882]
[-11.92915539   5.92537934  -0.77647059]
[-11.78055731   5.20534089   0.18823529]
[-11.72385909   4.19435043  -0.28235294]
[-11.59881955   4.75599833  -0.58823529]
[-11.5531063    4.62858672  -1.95294118]
[-11.54975712   5.39622193  -1.57647059]
[-11.5236702    5.49454936  -1.90588235]
[-11.49682843   5.92451951   0.56470588]
[-11.9695319    4.55081685   0.04705882]
[-7.92848385  8.62255812 -1.15294118]
[-7.84727913  7.5515815  -0.65882353]
[-7.8292786   4.52505325 -2.02352941]
[-7.67763246  8.42048599 -1.81176471]
[-7.480122    8.69710994 -0.61176471]
[-7.40307375  6.8234166  -2.07058824]
[-7.37347417  7.56955952 -1.90588235]
[-7.36949088  9.77303915 -1.03529412]
[-9.25399961  7.55111731  0.49411765]
[-6.99700775  9.03030806 -0.72941176]
[-7.00533799 11.52103413 -0.32941176]
[-6.87230617  9.5708806  -0.14117647]
[-6.79882143  9.05527151  0.37647059]
[-6.79464317 11.12679579 -0.32941176]
[-6.67488616  9.10420761 -0.58823529]
[-6.64633514 11.92520142 -1.27058824]
[-6.62349005  9.90085792 -0.51764706]
[-7.19582281  8.32170252 -1.36470588]
[-9.17455857  4.32759566 -2.11764706]
[-9.12099831  7.6028008   0.18823529]
[-8.90505113  6.57549479 -1.76470588]
[-8.69620071  6.55414197 -2.14117647]
[-8.67195127  7.64544343 -1.50588235]
[-8.60201711  7.97012118 -1.90588235]
[-8.57681468  7.09810128 -0.35294118]
[-8.5231357   7.50181143 -0.84705882]
[-7.99962046  5.20034128 -1.95294118]
[-8.39482789  5.0720121  -0.72941176]
[-8.37408192  5.10242416 -1.12941176]
[-8.34727455  4.92223278 -2.02352941]
[-8.27502483  5.40116427 -2.07058824]
[-8.19490492  4.32265583 -1.92941176]
[-8.17919016  8.05444022 -0.11764706]
[-8.12248311  7.24741668 -2.04705882]
[-8.09997915  4.72018432 -2.        ]
[-8.02606961  8.84674788 -0.87058824]
[-8.42423536  5.92268695 -2.02352941]
