[ 1.15888431  3.08372207 -1.15142477]
[11.35291685 11.06149506 -2.02047364]
[11.21896662  7.59961209 -2.0667252 ]
[ 6.0091315  -6.12964518 -1.6       ]
[10.54892405  5.6240197  -2.0972973 ]
[ 9.25819645 10.31208041 -2.10326797]
[11.58017579  2.92246579 -2.0684492 ]
[ 1.91385446  4.16423535 -1.28739496]
[11.89438593  2.08323081 -2.12941176]
[ 8.8022335  11.21326302 -2.1       ]
[10.55942952  2.22400313 -2.10980392]
[ 3.32671038  3.54179787 -2.03137255]
[12.4170974   0.43577045 -2.11764706]
[ 9.57381929  5.2371926  -2.07058824]
[ 9.63799144  4.47284432 -2.14117647]
[ 9.33818619  7.84775101 -2.02352941]
[ 9.8268505   3.79048351 -2.16470588]
[ 2.0127181   3.77452237 -1.76470588]
[11.38777709  3.5598974  -2.        ]
[12.15144295  1.56151716 -2.05882353]
[10.33068239  9.27585575 -2.10588235]
[ 1.99807466  3.47022872 -1.83529412]
[ 9.74627862  1.57025414 -2.09411765]
[10.78010273  1.42067047 -2.16470588]
[ 1.20317169  4.17525719 -1.50588235]
[ 2.94922814  2.92674923 -0.98823529]
[11.39488041  4.01961311 -2.09411765]
[-0.82644795  3.69698877 -1.97647059]
[12.42916455  4.69988665 -2.09411765]
[ 7.89460514  5.65118014 -2.11764706]
[ 8.82102196  3.52668437 -2.14117647]
[ 8.80011804  7.77103036 -2.18823529]
[ 7.92946523  6.82043404 -2.09411765]
[ 8.65282976  4.35362589 -2.11764706]
[ 8.62822634  6.12761782 -2.09411765]
[ 8.59727093  6.74713997 -2.14117647]
[ 8.45329232  7.32369688 -2.04705882]
[ 8.42250448 11.32494476 -2.11764706]
[ 8.1744558   7.14534194 -2.14117647]
[ 8.16935974  3.35164317 -2.11764706]
[ 8.10168506  6.55550481 -2.14117647]
[ 9.60554554  7.52056172 -2.11764706]
