[ 9.21475238  6.9169185  -0.49800587]
[ 0.77106854  3.09479976 -1.13574297]
[ 3.19135643  3.22992492 -1.44228544]
[-9.81742323 11.55452961 -0.2723099 ]
[-11.95809754  10.46122943  -0.92073288]
[-9.23761652 11.98968113 -1.37469782]
[-11.6952733   11.94128324  -1.05980392]
[ 5.45416152 12.19075698  0.09803922]
[12.09926252  5.12457811  0.31764706]
[-10.86683507  12.00883828  -1.31960784]
[ 8.11326948  9.45639655 -1.81390374]
[11.61326527  4.77856624 -0.34438503]
[-8.0456555  12.39052787 -1.45176471]
[-10.89790266  11.68358147  -0.8627451 ]
[-11.81991644  12.21186903   0.70326797]
[ 6.24874712 12.2499033  -0.16176471]
[-11.2284061   11.15408693   0.35588235]
[9.9202969  8.65972179 0.53109244]
[ 7.0714205  12.19205137  0.14453782]
[ 8.29673143  6.80005655 -2.04033613]
[ 8.32946467 12.09541773  0.67226891]
[-9.19651655 11.76955691  0.67058824]
[12.42371272  1.37952246 -1.61960784]
[ 8.98745926 11.53522973 -0.10352941]
[10.90649816  8.1700515  -0.38588235]
[12.05334401  4.60606003 -0.36235294]
[-9.25803759 12.35391085  0.97411765]
[-11.86709382  11.86158699  -0.18823529]
[10.2179235   4.43717147  0.57058824]
[11.05639607  7.50253145 -1.16470588]
[-10.88639552  12.18389325   0.02941176]
[-11.23052422  11.85127091   0.11764706]
[ 5.83795937 12.43711074  0.66470588]
[12.23471256  3.37302046 -1.99215686]
[-7.79879986 11.95245388 -2.14901961]
[-7.58380424 12.41003051 -0.93333333]
[-11.69008458  10.77286085  -1.91372549]
[12.45038491  1.92229854 -1.23921569]
[-12.19819696  11.23300351  -1.50588235]
[ 8.37037557 10.05008616 -1.91372549]
[9.77606382 9.26793233 0.21176471]
[ 9.90515761e+00  8.94008408e+00 -7.84313725e-03]
[10.55395275  9.03385249 -1.60784314]
[12.33409133  2.76374031 -0.14901961]
[-10.4973302   11.93625436  -1.96862745]
[ 8.69258888 10.31782126  0.54901961]
[-9.74842833 11.42550545 -1.92941176]
[12.1909523   1.32553636  0.05490196]
[ 7.96969862  9.58963335 -0.81176471]
[-10.94757548  10.38538859  -1.09411765]
[-10.97701051  11.6905406   -0.15294118]
[ 7.79140688  7.75189042 -2.02352941]
[ 8.16431268  9.72105949 -1.34117647]
[ 9.03818367 11.09961618  0.05882353]
[11.01051759  6.77970547 -1.92941176]
[ 7.65029753 10.20161836 -1.96470588]
[9.50202973 8.51423436 0.72941176]
[-11.05095694  12.25315114   0.65882353]
[ 8.12595443  7.32726678 -1.95294118]
[-12.2618483    9.16276911  -1.68235294]
[10.39041082  8.2628826   0.        ]
[-10.699509    11.31668973  -0.97647059]
[12.04196361  6.47527734  0.24705882]
[-11.45399482  10.98639884   0.71764706]
[11.47865101  5.89953098 -2.01176471]
[-8.42808409 11.60455559  0.10588235]
[12.33783895  3.77609531 -0.78823529]
[-12.47253585  11.4006598   -1.82352941]
[10.45370985  8.15814036  0.62352941]
[10.21307876  9.53354713 -0.56470588]
[ 8.58180075  7.64762308 -2.        ]
[11.37176736  7.14524955 -1.89411765]
[9.92157605 9.30021783 0.57647059]
[ 9.03938533  7.25797229 -1.89411765]
[11.27268655  3.0108078   0.95294118]
[ 8.50313882 10.14893724 -1.42352941]
[10.86002033  4.96352444 -1.05882353]
[ 8.98994731  6.47112159 -2.04705882]
[10.37934129  2.92211742  0.09411765]
[ 9.92647172  9.84545234 -1.12941176]
[10.27468843  7.7951655  -1.17647059]
[10.2760181   6.30550971 -0.56470588]
[10.28029469  5.76988929 -0.94117647]
[10.22289921  9.47472667 -1.45882353]
[10.09524801  5.44768292 -0.70588235]
[10.17781947  8.65542513 -1.97647059]
[10.10389802 10.00397753  0.09411765]
[10.52154807  7.55160546 -1.08235294]
[ 9.90332739  9.47789649 -1.74117647]
[11.30432434  8.37042966 -0.51764706]
[11.32272389  4.70265773 -2.02352941]
[11.35473457  5.32629508 -0.98823529]
[11.37953468  4.74436482 -0.8       ]
[11.42512995  5.54697947 -0.11764706]
[11.72499452  4.68066051 -1.74117647]
[11.72220838  9.12222423 -2.16470588]
[ 9.69844291  9.99418696 -0.63529412]
[11.9275975   9.30382232 -1.97647059]
[12.0497488   4.8545336  -1.57647059]
[12.06982744  1.57471088  0.21176471]
[12.34462537  4.89641304 -1.45882353]
[12.37291088  4.62169288 -0.8       ]
[12.4215861   3.30392267 -0.77647059]
[12.44856232  5.02871255 -1.85882353]
[12.47151829  1.59470469  0.07058824]
[11.76935841  2.76947502 -1.92941176]
[10.57003801  8.92581301 -2.07058824]
[10.60436387  7.24501359 -0.65882353]
[10.6217525   8.65186267 -0.02352941]
[10.64821273  6.57600535  1.08235294]
[10.67347698  5.42979523 -0.70588235]
[10.75032884  7.85566818  0.65882353]
[10.80332819  9.29569611 -2.18823529]
[11.30452241  6.18004628 -1.71764706]
[10.87676035  5.09853681 -0.72941176]
[10.99794722  5.49571379 -1.08235294]
[11.02265508  4.648074   -0.91764706]
[11.05110098  5.99692105 -1.97647059]
[11.04793703  6.15252909 -0.21176471]
[11.10342596  8.61936288 -0.49411765]
[11.12388353  3.98085034 -0.96470588]
[11.17006202  6.34885578 -1.29411765]
[10.85304639  6.99673324 -1.01176471]
[-10.45390529  11.35576361  -0.54117647]
[-10.44968296  11.79633687   0.68235294]
[-9.5705514  12.48047517 -0.63529412]
[-9.44780729 11.55119699 -2.        ]
[-9.24546798 11.70439279 -0.91764706]
[-8.27431887 12.35379569  0.98823529]
[-8.21921922 12.34979639  0.42352941]
[-8.05579825 11.80591585 -1.88235294]
[12.45037047  5.20416067 -0.21176471]
[-7.42792317 12.45207897 -0.54117647]
[ 0.52601918  2.67621037 -1.97647059]
[ 2.84895717  2.69429954 -2.04705882]
[ 3.72457042 12.37995022 -0.58823529]
[ 4.854358   12.20387351 -0.58823529]
[ 5.32203202 12.47721768  0.65882353]
[ 6.39584108 11.10594976  0.68235294]
[ 6.44536906  8.12890091 -1.01176471]
[-7.47779289 12.10219821 -0.8       ]
[-12.4755749   11.55471434  -0.63529412]
[-12.40374156  12.30599966   0.04705882]
[-12.35271758  12.47819894   0.87058824]
[-12.2241372   10.07579546  -0.25882353]
[-11.99445195  12.27370463  -0.28235294]
[-11.92195974  12.42354043  -0.68235294]
[-11.67942919   9.3776567   -1.67058824]
[-11.65168128  10.10044537  -2.11764706]
[-10.6808992   11.92712486   0.18823529]
[-11.59581307  11.72763525  -0.56470588]
[-11.50532065  12.37412133  -0.4       ]
[-11.29610463  10.22492897  -1.57647059]
[-11.3009942   11.92969748  -0.44705882]
[-11.21926455  11.35416339  -1.92941176]
[-11.09503838  12.44566507  -0.32941176]
[-11.02164484  11.69859972   0.49411765]
[-10.77436409  11.22807481  -1.50588235]
[-11.62552477  11.75451515   0.49411765]
[ 8.02614542  9.75126958 -0.44705882]
[ 8.04692668 10.0731245   0.02352941]
[ 8.19704684  9.89819091 -0.75294118]
[ 8.36915777  5.50488214 -2.09411765]
[ 8.47101877 11.84734227  0.14117647]
[ 8.60374991 12.01901216 -0.11764706]
[ 8.62337614  7.65358646 -1.08235294]
[ 8.62914713  9.28059247 -0.72941176]
[ 6.60289235 10.05597129 -0.77647059]
[ 9.02254392 10.76979261 -1.12941176]
[9.04526951 8.30173527 0.75294118]
[9.04596687 9.41932844 0.04705882]
[ 9.07685471  9.70241323 -0.68235294]
[ 9.15205763 11.82782419  0.89411765]
[ 9.22205428  9.67205566 -1.6       ]
[9.29948788 9.14944381 0.23529412]
[ 9.35093065 11.70101639  0.63529412]
[ 8.92266267 10.55496762 -2.07058824]
[ 7.07799285  8.12753731 -1.62352941]
[ 7.10582869  7.60211649 -0.44705882]
[ 7.22078144  7.29902356 -0.87058824]
[ 7.22173983 11.40343938 -0.68235294]
[ 7.41923594 10.1043707  -0.07058824]
[ 7.52526157  7.02807119 -2.11764706]
[ 7.52346952  7.27467284 -0.37647059]
[ 7.60397646  6.57151459 -1.95294118]
[ 7.99977973 10.57704309 -1.29411765]
[ 7.72185443 10.04607828 -0.44705882]
[ 7.74946987 11.49891003 -0.25882353]
[ 7.77856579  7.12700831 -1.97647059]
[ 7.77789569 10.03079503  0.4       ]
[ 7.80036934 10.47847115 -2.16470588]
[ 7.82071316 10.79523839  0.23529412]
[ 7.87881482  8.17053594 -2.07058824]
[ 7.9534582  10.77592058 -0.65882353]
[ 7.98023698  6.25286731 -1.95294118]
[ 7.60359825  9.52664872 -2.09411765]
