[ 1.19509255  3.0694899  -1.13685658]
[12.03766654 11.25708823 -2.03882353]
[11.21733621 12.06556661 -2.04264706]
[11.21882383  8.77865735 -2.10053476]
[ 1.90346103  4.16751116 -1.41568627]
[ 8.59537217 11.56181812 -2.12352941]
[12.30020012  1.91701737 -2.14705882]
[12.10762705  8.22523045 -2.07058824]
[10.62861002  9.44904054 -2.0627451 ]
[12.41368516  7.22341383 -2.05490196]
[12.43880633  2.87562092 -2.14117647]
[ 9.96024424  8.07346909 -2.14117647]
[12.37334502  1.14691909 -2.12941176]
[10.45543071 10.00594032 -2.09411765]
[10.42446544  7.11992966 -2.09411765]
[10.94479753  6.35584208 -2.11764706]
[11.14517874  0.32927535 -2.04705882]
[11.19819012  6.04582283 -2.11764706]
[ 0.95024867 -6.62648025 -1.36470588]
[ 8.70369483 11.19783726 -2.16470588]
[ 3.42802701  3.21953961 -1.78823529]
