[ 0.75145169  3.12383467 -1.02945207]
[ 3.08096939  3.48364808 -1.30672269]
[ 3.120796    2.78400405 -1.67661765]
[ 2.90719477 -4.80654712 -1.60217865]
[ -3.03506533 -11.20348476  -1.98627451]
[ 1.90200952  4.09472662 -1.29411765]
[11.77370929  9.94803458 -2.15294118]
[ 9.62594222  8.94711856 -2.16470588]
[ 9.85350954 11.61975369 -2.14117647]
[ 9.95079606 11.02412523 -2.09411765]
[10.54481584  4.22791974 -2.18823529]
[10.57375472 11.79632827 -2.16470588]
[11.15391185  7.22406723 -2.18823529]
[12.2702384   9.22663859 -2.11764706]
