[ 1.050017    3.09187104 -1.12177406]
[ 3.20436117  2.70106417 -1.65436105]
[ 0.09759691 -6.3262249  -1.63152941]
[11.96651844  7.35042063 -2.07731092]
[12.03487111 12.08164953 -2.07239819]
[10.90026794  9.40716338 -2.09747899]
[12.00092775  1.60136553 -2.12436975]
[11.28127037  4.96028307 -2.08823529]
[11.68570004  3.38234075 -2.05294118]
[10.23416122  6.95897929 -2.10980392]
[11.26813523  4.27509637 -2.05490196]
[ 9.27882197 11.85891981 -2.15686275]
[ 5.88301038  2.4670784  -0.94117647]
[11.64935936  2.86806161 -2.07843137]
[10.68451129  1.44633841 -2.12941176]
[ 5.4144466   3.31623521 -0.98823529]
[ 9.72177227 11.52342693 -2.14117647]
[10.85039597  5.64989046 -2.11764706]
[ 2.0729404   3.77851825 -1.81176471]
[ 1.88155736  4.08766444 -1.22352941]
[10.96223254  0.09197444 -2.15294118]
[10.19751227  3.81508026 -2.09411765]
[10.75384136  6.3212462  -2.14117647]
[10.7518173  10.02920893 -2.09411765]
[10.84896276  1.05475792 -2.16470588]
[12.48076673 -0.16902046 -2.09411765]
[10.99723409  5.2471798  -2.18823529]
[12.30147863  0.22842326 -2.11764706]
[11.57424279  2.50588402 -2.16470588]
[12.22825858  0.57948783 -2.16470588]
[11.95220099  2.14408972 -2.11764706]
[11.9302414   2.49413684 -2.07058824]
[11.02567777 -1.17897443 -2.18823529]
[ 1.17674546  2.90404482 -2.04705882]
[ 2.31912999  3.27346664 -2.07058824]
[ 3.32999025  3.54763923 -2.02352941]
[ 3.57034103  3.14728378 -1.78823529]
[ 8.24560689  3.44509686 -2.04705882]
[ 8.50164195  2.14762467 -2.16470588]
[ 9.05094916  3.84507037 -2.16470588]
[ 9.05344062  6.10020071 -2.11764706]
[ 9.42554643  5.43095365 -2.07058824]
[ 9.72626125  7.60299746 -2.07058824]
[12.42047226 -0.97719198 -2.07058824]
[ 9.85483289 11.24982407 -2.09411765]
[10.01975655  4.65476062 -2.04705882]
[10.05355323  3.30115318 -2.02352941]
[10.07903714  7.39964673 -2.09411765]
[10.12378104 -0.85336167 -2.11764706]
[10.3969792   2.84780796 -2.04705882]
[10.40096032 10.64952001 -2.14117647]
[10.42273253  6.57713657 -2.09411765]
[10.44420184  2.02003845 -2.07058824]
[10.6306886   5.97460979 -2.07058824]
[ 9.82541648  4.24601043 -2.16470588]
