[-7.58217461  6.34411642 -0.83518762]
[ 0.78737017  3.06712845 -1.09279016]
[ 3.14297344  3.12174759 -1.38737255]
[-1.97861665  9.77570485 -1.47757353]
[-5.13828492  9.97905315 -0.03831933]
[-8.27554469  9.32888024 -0.86484935]
[-4.32515801 11.12013475 -1.27327731]
[-11.66108679   5.6510822    0.01323529]
[-8.62510388 10.89088633 -1.45882353]
[-5.97538443 11.01312539 -0.99215686]
[-3.18937561  9.73425076 -0.19215686]
[-7.9495682  12.30653517  0.05647059]
[-7.67909776  8.94632332 -1.42588235]
[-12.08321472   4.17330412  -1.87294118]
[-7.66743073  8.76452504 -0.89411765]
[-10.22688216   6.61280634   0.14117647]
[-7.43178088  8.31303855 -0.46588235]
[-8.40274951  8.13125364 -0.66470588]
[-8.83187424  7.62072336 -0.63529412]
[-6.16237895 10.99928861 -0.21176471]
[-7.60111794  6.57736587 -1.84705882]
[-11.98449381   4.22367973  -0.81764706]
[-7.09466269  8.91269097 -0.78235294]
[-9.35092211  4.54223128 -0.01568627]
[-12.21962249   3.46610788  -1.48235294]
[-9.07357836  7.46802877 -0.25882353]
[-10.45780731   5.47520817  -1.92941176]
[-12.17240309   4.82363366  -0.4627451 ]
[-8.54217934  7.10007566 -0.76862745]
[-8.20684211  7.66646641 -0.14117647]
[-7.16415067 10.72680372 -1.18431373]
[12.29126614  9.10720256 -2.16470588]
[-2.72290867  8.85081823 -1.54509804]
[-1.42213422  9.35603911 -0.90980392]
[-11.99079651   3.74430425  -0.90980392]
[-2.59480669  9.92177484 -0.32941176]
[-9.32273593  8.74173567 -0.8       ]
[-9.37371444  5.41484947 -0.96470588]
[-5.94708044  9.2244691  -2.05882353]
[-12.26436211   2.82820126  -0.88235294]
[-9.00412609  6.41268621  0.54117647]
[-8.82120206  7.52471946 -1.14117647]
[-7.11821796  7.19976468 -1.92941176]
[-7.0740806   5.47227682 -1.97647059]
[-8.72624409  8.97702276 -1.25882353]
[-8.78821178  8.15115018 -0.43529412]
[-8.68035844  7.47326969 -2.        ]
[-8.612049    5.73323146 -1.44705882]
[-12.36056007   4.8165909   -1.61176471]
[-6.40395908  8.45878715 -0.28235294]
[-8.52102511  9.75485483 -0.61176471]
[-6.4271216  11.98367296 -0.97647059]
[-6.64565886  9.62480042 -0.65882353]
[-12.44210634   4.1633589   -0.36470588]
[-8.04684919  8.86096215 -1.09411765]
[-8.81000594  7.07201417 -1.88235294]
[-12.31392852   5.24980389   0.17647059]
[-9.57620252  9.13519357 -0.75294118]
[-12.12374755   5.57569864  -2.10588235]
[-11.94883594   4.68551137  -0.85882353]
[-10.82503548   3.34593492  -0.34117647]
[-4.02423059 12.1380008  -1.71764706]
[-11.732883     5.13461687   0.63529412]
[-10.96048138   5.71003961  -0.96470588]
[-3.53472721  9.70202793  0.11764706]
[-10.94924834   3.97608788   0.64705882]
[-3.44780116 10.85162195 -2.07058824]
[-6.80357502 10.77627149 -1.12941176]
[-6.80309775 12.04440458 -0.84705882]
[-6.7944845  12.32227635 -1.15294118]
[-6.77726251  8.27596237 -0.04705882]
[-6.66979882  7.27247434 -1.90588235]
[-1.93030007 10.18026687 -1.52941176]
[-6.83092462 12.07736571 -0.21176471]
[-6.95433539  9.34487928 -1.67058824]
[-3.35467509 10.44880937 -1.83529412]
[-6.97741892  8.4054153  -0.61176471]
[-7.00566378  6.96930543 -1.57647059]
[-2.6032497  11.20436274 -1.57647059]
[-7.07616288  7.77782013 -1.69411765]
[ 3.77120292  2.99802633 -2.16470588]
[-2.871766    8.89787254 -2.07058824]
[-2.70447214 11.47597888 -1.48235294]
[-7.25294024 11.18006843 -1.17647059]
[-3.89754736 11.99822668 -2.09411765]
[-5.92998291  6.74486403 -2.09411765]
[-5.43001375  8.60281126  0.61176471]
[-5.11989021 12.09862315 -1.90588235]
[-6.17863214 10.42011845 -0.32941176]
[-4.94777116  8.39650486  0.70588235]
[-4.94947081 11.30527111 -0.30588235]
[-4.94766062 11.89535632 -1.01176471]
[-2.38082728 10.26943865  0.        ]
[-4.87037822 11.74681283 -1.81176471]
[-4.85109242 10.89761609 -0.35294118]
[-7.35097811 11.72447288 -0.11764706]
[-4.62923855 10.29823022 -0.51764706]
[-6.32093198 10.04848202 -0.63529412]
[-4.59420122  8.5690754  -0.49411765]
[-6.4001868  11.24572358 -0.35294118]
[-1.99834836 11.12001537 -1.29411765]
[-4.59796171 10.40584212 -1.74117647]
[-6.42510558  6.85454374  0.07058824]
[-6.46950868  9.65155854 -1.45882353]
[-4.05517559 10.44516517 -1.69411765]
[-6.52037026 10.2717901  -1.17647059]
[-6.59626264 11.30340246 -0.98823529]
[-4.74692152 11.35589123 -1.12941176]
[-10.1717031    6.27964702  -0.70588235]
[-10.22725444   3.95048468  -0.98823529]
[-10.32316734   6.89405778  -0.28235294]
[-10.37419789   3.52085183  -0.61176471]
[-10.63014178   4.345076    -1.90588235]
[-10.67214441   6.49619114  -0.04705882]
[-10.6745518    5.50532008  -1.52941176]
[-10.79422551   5.97748293  -0.35294118]
[-10.90575822   6.50124178   0.18823529]
[-11.32157277   5.23031655   0.30588235]
[-11.34687274   5.80525114   0.30588235]
[-11.37657455   5.62938104  -0.77647059]
[-11.4014858    6.3735582   -0.98823529]
[-11.6497819    4.07189219   0.72941176]
[-11.6809029    3.22220516  -1.01176471]
[12.02260433  9.95598673 -2.09411765]
[-11.79986604   5.45318748  -0.42352941]
[-11.82888827   4.15392641  -1.57647059]
[-11.94997224   2.94586745  -1.31764706]
[-11.97059954   6.02920675  -2.07058824]
[-12.02340364   5.72902464  -1.52941176]
[-12.12807321   5.03093917  -1.95294118]
[-12.14629438   5.79575615  -0.42352941]
[-12.14952887   3.84456442   0.91764706]
[-12.42759167   2.77759685   0.47058824]
[-12.45234459   4.22146036  -1.24705882]
[-12.48002654   5.12357953  -1.78823529]
[-12.47255758   4.32248949   0.54117647]
[-12.47122112   3.94610169  -1.03529412]
[-12.47179021   2.62708543  -1.15294118]
[-12.49857856   4.25507969  -0.72941176]
[-11.74479511   3.42240831  -1.41176471]
[-7.37491908  8.77847455  0.02352941]
[-7.39989285  8.07600613 -1.92941176]
[-7.42750297  9.59726807 -0.75294118]
[-7.65042327  8.53093725 -1.83529412]
[-7.70271638  7.82598101 -0.09411765]
[-7.70458151  6.52235662 -1.50588235]
[-7.75250821  8.10523649 -0.87058824]
[-7.75280611  7.57759344 -1.01176471]
[-7.92610315 11.89474277 -1.50588235]
[-8.02435847  6.9290779  -1.31764706]
[-8.20160686  8.27940385  0.02352941]
[-8.22469855 11.32229614 -1.34117647]
[-8.35212403 10.32525616 -0.77647059]
[-8.3518809   5.82325086 -2.02352941]
[-8.40274218 12.28029953 -1.38823529]
[-10.14717826   6.54431031  -1.41176471]
[-8.39718996  7.45257168 -0.68235294]
[-8.42465709  6.47391572 -1.81176471]
[-8.49997532  6.77546348 -1.88235294]
[-8.6289047   7.6462783  -1.57647059]
[-8.64784539 10.65243636 -0.72941176]
[-8.67082141 10.52753259 -1.17647059]
[-8.69537634  7.80391667 -1.92941176]
[-8.75248075  6.32905429 -1.17647059]
[-9.05004309  7.87291507 -1.67058824]
[-9.09890317  6.54688032 -1.15294118]
[-9.22173186  5.80100571 -2.        ]
[-9.25498253 11.49642661 -1.36470588]
[-9.57633814  6.97204213 -0.37647059]
[-9.67910922  6.22750239 -1.36470588]
[-10.0559264    6.10250351  -2.        ]
[-8.40455884  9.52975098 -1.50588235]
