[10.82068188  5.88031783 -0.55717953]
[ 0.78219002  3.05771886 -1.12871371]
[ 3.17890283  3.08292339 -1.47358824]
[12.24833187 -0.29854606 -0.02437987]
[10.77075529  4.31933835 -1.93837535]
[11.56524794 11.56349696  0.32941176]
[ 9.89415696  5.59288168 -1.93823529]
[-11.18116887  12.41669429  -1.62196078]
[-11.32420516   6.37050985  -1.94117647]
[ 9.11578053 10.13272979 -1.99144385]
[12.14162     3.83011647 -1.64491979]
[12.21966234  6.14247649 -1.60941176]
[ 8.21772111 11.53500498  0.28470588]
[10.64154904 10.10505129 -1.26797386]
[11.6270393   7.35913725  0.58039216]
[ 9.17513437 12.1216208  -1.70196078]
[10.50113668 12.27834805  0.11176471]
[11.84382363 11.41428529 -0.56470588]
[ 9.89604095 11.44809517 -1.77647059]
[12.03259181 11.75602594 -0.14453782]
[ 9.62064668 10.13714829 -1.8745098 ]
[ 9.44557918 10.15805257  0.8627451 ]
[ 9.75834364 10.87835526  0.83529412]
[ 9.14119449 10.78504023 -1.56862745]
[11.67898694  6.67029372 -1.80705882]
[12.3634774   5.31701617  0.39529412]
[ 9.77453469  6.32320493 -1.97058824]
[ 9.6756239   7.83091443 -2.12352941]
[ 2.07165039  3.75675102 -1.83529412]
[ 9.03875529 11.48028423 -1.75882353]
[11.1680227  10.54422583 -0.78823529]
[10.94091574 10.98187325  0.24313725]
[10.74545473  6.65010583 -1.41176471]
[11.08517781 11.08345138  0.84705882]
[9.9066737  9.58510542 0.87843137]
[11.34618257  9.87392258 -0.37647059]
[ 9.78074145  7.93193642 -1.34901961]
[11.33144225 12.32655697 -0.01568627]
[ 8.39884932  9.7367746  -2.03137255]
[11.79151869  0.21432749  0.20392157]
[12.09163286  2.99413817  0.        ]
[ 9.8739486  10.70208638 -1.9372549 ]
[ 9.92661032 10.32545368 -0.90196078]
[10.55992358 10.81697032 -0.31372549]
[10.34790587  8.6385315   0.70588235]
[10.33809283 10.111935   -1.8       ]
[10.20075598 10.4004676  -0.41176471]
[10.00304507 10.7725068  -0.48235294]
[10.62224311  6.92490288  0.6       ]
[10.56736484  7.59790525 -0.01176471]
[10.6745052  10.7120167  -0.57647059]
[10.82581449  3.47727026 -2.02352941]
[10.99831515  9.38431444 -1.50588235]
[11.34042128 11.28630938 -0.01176471]
[11.46523937  6.49534062 -1.18823529]
[11.83572964  3.76121018 -2.        ]
[11.87961024  5.92817785 -1.6       ]
[12.03407246  6.55088095  0.51764706]
[12.22389094  6.33950046  0.69411765]
[12.39806445  6.63775964  0.48235294]
[11.13500279 10.14929066  0.28235294]
[ 8.07417456 10.56208979 -1.98823529]
[ 9.19761084 12.29999262 -1.02352941]
[-11.46261563  12.0880738   -1.56470588]
[ 9.60003654 12.41602175 -0.95294118]
[ 8.51631289 10.21196223 -1.62352941]
[ 9.77320625  4.74607515 -2.10588235]
[ 8.96444032 10.88958553 -0.81176471]
[ 9.79806503 10.69970942 -1.54117647]
[-11.78935981  12.43196876  -1.07058824]
[-11.66540313  12.35359429  -2.04705882]
[ 8.56934404 10.58067014 -2.16470588]
[11.44721745  7.74548009 -1.34117647]
[ 8.17708344 10.15510726 -2.09411765]
[11.72091096 10.926772   -0.84705882]
[11.72038639  7.97838056 -1.2       ]
[11.72497665  4.02753319  0.8       ]
[11.70574223  3.19432954  0.70588235]
[ 8.19638293 11.35471031 -0.94117647]
[11.67103374  9.12683117 -1.05882353]
[11.67723809  8.64790613 -0.32941176]
[11.64708366  6.77440455 -0.89411765]
[11.62623778  9.92656722  0.07058824]
[11.60532702  6.9691577  -1.50588235]
[ 1.94790417  4.07384486 -1.31764706]
[ 8.40046621 11.02369801 -0.37647059]
[11.44634915  9.0020402  -1.71764706]
[11.47925777  9.06917687 -0.23529412]
[11.54884791  7.92110923  0.16470588]
[11.52966801  3.37736901 -2.        ]
[11.49831647  2.15388476 -1.81176471]
[ 8.47627543 12.27612774  0.35294118]
[11.50080987 11.19800871 -0.32941176]
[ 8.25223664 11.62820585 -0.70588235]
[12.47592763  7.1057059   0.70588235]
[12.47545753  5.221303    0.77647059]
[12.48098881  4.8198603   0.44705882]
[12.47690951  4.31975572 -0.63529412]
[12.44972102  1.05397917  0.8       ]
[12.42222041  6.87862487  0.07058824]
[12.39972525  6.44726643 -0.4       ]
[12.37812429  0.30235932 -1.78823529]
[12.35563774  4.60131429 -0.68235294]
[12.47448581  7.92498653 -0.87058824]
[12.32924675  3.9506424  -0.91764706]
[12.31987957  2.34421387 -1.2       ]
[12.24671359  8.12471602 -0.61176471]
[11.87180976  9.02084321 -0.4       ]
[12.25119457  2.5751128  -0.21176471]
[12.17464896  8.07060214 -1.83529412]
[12.17995968  0.44644141 -1.50588235]
[12.03032217 11.04581356 -1.27058824]
[-8.8266995  12.42757893 -1.17647059]
[12.00021843  4.97201273 -1.57647059]
[-8.27926467 12.45486835 -1.57647059]
[-7.88020359 12.34771957 -1.6       ]
[11.92903247 11.90559668  0.49411765]
[11.93090056  9.84925437 -0.42352941]
[ 0.01901188  3.22270378 -2.14117647]
[11.44756184  5.52348208 -1.88235294]
[11.82084524  4.9965956  -1.88235294]
[12.25130115  3.62812631 -1.15294118]
[10.75027299 12.12369038  0.30588235]
[ 9.37314448  6.6495003  -2.        ]
[10.7193365  10.87302618  0.68235294]
[10.67756538 10.50083491 -1.71764706]
[ 9.45146475 11.87302248 -0.98823529]
[10.62435635  9.5201214   0.        ]
[10.59563887  9.6557872  -1.83529412]
[10.58011502  5.70497855  0.51764706]
[ 9.49465034 12.10231011 -0.77647059]
[9.52211844 6.39757295 0.02352941]
[10.52764768 12.12430662 -2.07058824]
[ 9.51968695  8.17929293 -1.22352941]
[11.35107296  8.37846064 -0.37647059]
[ 9.57338299  6.04911584 -1.64705882]
[ 9.62107609 11.35476817 -1.36470588]
[ 9.6791471  10.57221935 -0.65882353]
[10.35038207  0.45527499 -2.09411765]
[9.77087663 9.20021605 0.44705882]
[10.22966653  3.29886455 -1.85882353]
[10.14688301  4.59890271 -2.09411765]
[10.15589077  4.02007682 -2.        ]
[10.11925559  9.59722357 -2.07058824]
[10.0538982   9.94616645 -1.27058824]
[ 9.80180399  3.9998924  -1.90588235]
[ 9.95405454 10.24909615 -0.56470588]
[ 9.8004482  12.17617612 -1.92941176]
[10.4995265   6.32201178  1.03529412]
[11.37792303 12.15191204  0.63529412]
[11.34548062 11.13094367 -0.63529412]
[11.32618861  6.88006957  0.35294118]
[11.30379287  6.59529502  0.70588235]
[ 8.62052081 10.32432094 -1.97647059]
[ 8.67121568  9.25572496 -1.95294118]
[ 8.76938192  9.72858642 -0.44705882]
[11.19918119  6.39718721 -1.95294118]
[11.17984955  5.3031178  -0.47058824]
[11.1513131   7.17277642  0.77647059]
[11.14985556  3.47620627  0.42352941]
[11.14861746  1.60185111 -1.95294118]
[ 8.9480289  10.62504078 -1.97647059]
[10.7800114  10.22391361  0.42352941]
[ 8.9741651  11.89705876  0.77647059]
[11.10185495  8.90291338 -0.4       ]
[11.09905258  4.122137   -1.67058824]
[11.09996598  3.02574788 -2.09411765]
[11.07759966  7.35105066 -0.07058824]
[11.04545947  5.37682772 -0.82352941]
[11.02469538  4.70414176 -1.88235294]
[11.00036861  7.24634592  0.51764706]
[ 9.04818916  7.67718517 -2.02352941]
[10.90549952 12.30450823  0.61176471]
[ 9.25580477  6.99727537 -0.51764706]
[10.84697029  9.89915456 -1.90588235]
[10.80473005 11.67401127 -0.51764706]
[11.11986686  5.57959135 -1.08235294]
