[ 0.76036833  3.05758465 -1.11392862]
[ 3.18919633  3.10414617 -1.44049599]
[ 5.02124975 -6.25324635 -1.65294118]
[11.74313066  9.11393532 -2.12352941]
[11.62551719  9.62778705 -2.14901961]
[ 2.14717517  3.80954561 -1.85882353]
[10.71311899 11.01423476 -2.12941176]
[12.03072915  8.74532772 -2.07058824]
[12.00039441  3.9304333  -2.07058824]
[11.72335483  4.34461671 -2.16470588]
[11.57229428  5.79643189 -2.16470588]
[11.37512765 10.02814062 -2.14117647]
[12.42585777  2.74988873 -2.09411765]
[10.0956706  11.59649793 -2.14117647]
[ 1.94477677  4.02845456 -1.36470588]
[-0.9026759   2.88075367 -2.09411765]
[11.22434256  6.42887362 -2.16470588]
