[11.18128808  5.75460451 -0.58044969]
[ 1.2010283   3.05878027 -1.20816936]
[12.28793466 -1.05806513  0.11655267]
[11.92175992  9.01668102 -0.90322581]
[10.39045437  5.12498011 -1.91508951]
[ 8.90335599 10.44394284 -1.26862745]
[12.20582096  5.99283809 -1.58352941]
[10.83461991 10.48676427 -1.73235294]
[11.24077012  2.94201913 -2.00784314]
[12.38081864  1.68336557  0.52705882]
[11.78906117 11.03071862  0.12235294]
[-10.63397012   7.16365456  -1.99058824]
[10.38853134  7.44929279 -2.04117647]
[12.39788137  2.70749045  0.54117647]
[12.26056892 10.92322135 -0.27647059]
[10.75366564  5.09454093 -0.12941176]
[ 8.74431368 10.94811697 -1.18823529]
[ 9.76639522 11.58385743 -0.92352941]
[11.97343082  9.28360086 -1.16470588]
[11.33724537  2.20120156 -2.01764706]
[11.34398826 12.2924391   0.61176471]
[11.55441621  6.06470646 -0.74117647]
[ 9.16061593 11.7336068  -0.85490196]
[11.96737863  6.82001934  0.49411765]
[11.39097114  5.82512151 -1.2627451 ]
[10.46025372  9.22567086 -2.04705882]
[11.49784483  9.70729256 -1.33333333]
[11.93573695 11.36001555  0.61176471]
[10.56201319  3.56004153 -1.86666667]
[12.42267727  5.43369315 -1.60784314]
[12.38443949 10.91543951  0.49411765]
[11.79937685  9.69027478  0.14117647]
[11.71213726 11.84154875  0.35294118]
[11.28417504  8.6269582  -0.49411765]
[ 1.95357165  3.9627095  -1.2       ]
[11.16010255  9.57808444 -1.15294118]
[12.35106551  5.20436626 -0.70588235]
[11.98920947 12.1838446   0.37647059]
[11.95054183 10.39208599 -0.44705882]
[12.30106348  9.62140264  0.62352941]
[10.86064293  9.42432651 -0.84705882]
[12.33310618 10.12490972 -0.91764706]
[10.68363469 10.5356969  -1.09411765]
[12.18983038 -3.47319604 -2.17647059]
[11.59698626  5.75155891 -1.89411765]
[11.80937714  1.70236717  0.64705882]
[10.57426457 12.36296094 -0.32941176]
[10.24890683 12.28710422  0.14117647]
[10.52755512  9.13569831 -0.57647059]
[10.59015042  6.84632437 -0.4       ]
[12.3243148  -2.65235086 -2.10588235]
[ 8.68913623 11.4517975  -2.09411765]
[ 9.18471483 10.34884966 -2.08235294]
[12.18898465  3.01673977 -1.97647059]
[ 9.28694784 10.98336059 -1.50588235]
[11.61373426  9.64511732  0.47058824]
[10.54648923 11.4995288  -1.92941176]
[11.85559595  8.52643706 -2.09411765]
[11.73061487  9.22669511  0.63529412]
[11.82907996  7.14413231  0.70588235]
[11.82404177  3.97744594 -0.98823529]
[11.77529722 -2.24528232 -2.04705882]
[11.82861754  2.60052614 -2.        ]
[11.77383526  3.67297894 -1.55294118]
[11.80453867  9.60388933 -1.24705882]
[12.40573766 11.84801272 -0.35294118]
[12.40267934  9.1505049   1.22352941]
[12.39818698  6.15304299 -0.07058824]
[12.45026974  6.84941932  0.35294118]
[12.27550794  9.42741883 -1.45882353]
[12.28066278  6.69793943 -0.75294118]
[12.25124835  5.64648109 -2.07058824]
[12.15014074 11.67185979 -0.47058824]
[12.1529514   5.47160343 -1.22352941]
[12.15118532 -4.14461808 -2.16470588]
[12.13094824  9.4297463   0.87058824]
[11.99465697  6.42335459 -0.32941176]
[12.10112748 10.39858268  0.28235294]
[12.02191046  8.37452918 -1.83529412]
[12.02876683  6.94666363  0.82352941]
[11.65194814  6.07570388 -1.31764706]
[11.99881549  5.95504513 -0.44705882]
[11.94557736  4.17894414 -2.07058824]
[11.91978191  9.62653137 -0.96470588]
[11.92056733  5.67138174 -2.04705882]
[11.89461361 11.22061664 -0.32941176]
[11.87555636  4.39405844  0.70588235]
[11.85281089 10.50090421 -1.71764706]
[12.12598343  1.92794209 -0.04705882]
[10.77148624  9.10103659 -2.09411765]
[10.64755045 11.60073015 -0.98823529]
[10.6553474   7.97115938 -1.05882353]
[10.65468523  5.47205146 -1.97647059]
[10.57165857 11.07873204 -1.43529412]
[10.50517048  4.19499084 -1.92941176]
[10.50443487 -0.17954275 -2.        ]
[10.47246301 10.07133242  0.8       ]
[10.45378548  9.4554172   0.02352941]
[10.37581571 11.26944105 -1.95294118]
[10.3300862  11.90458574 -1.74117647]
[10.22899864  6.0699892  -2.04705882]
[11.45104129  9.64937277 -1.90588235]
[10.0054312   9.74689017 -2.04705882]
[ 9.99796182  6.92577319 -1.92941176]
[9.99945559 5.79674478 0.07058824]
[ 9.94566814 12.09998833  1.34117647]
[ 9.95132751 11.72225169 -1.62352941]
[ 9.90565383  6.49539827 -0.49411765]
[ 9.74708087 12.02477759 -1.43529412]
[ 9.72803059  8.68075848 -1.67058824]
[ 9.69468651 10.59931974 -1.81176471]
[ 9.54748996 11.20303584 -1.71764706]
[ 9.37100599 11.65002611 -1.67058824]
[ 9.35593623 10.97033928  0.35294118]
[10.20092782 11.67947941 -1.38823529]
[11.62119917  9.07396032 -1.92941176]
[11.62537831  8.74543184 -0.4       ]
[11.60159146 10.9047593   0.58823529]
[11.60337192 10.05307808  0.84705882]
[11.59624742  9.88006398 -1.71764706]
[11.5948479   7.91956289  0.4       ]
[11.57545764 11.54997326 -0.82352941]
[11.52974013 12.32466787  0.21176471]
[11.46948197 12.32341937 -1.92941176]
[11.37571912  2.50417902 -1.74117647]
[ 8.79784882 10.00530028 -1.95294118]
[11.32598637 10.97544893 -0.35294118]
[10.80030175  7.59926316 -0.54117647]
[11.3289203   3.4944389  -0.75294118]
[11.30208892  9.13042553 -1.52941176]
[11.15598302 11.75484364 -0.94117647]
[ 1.11500631e+01 -5.66098625e-03 -2.09411765e+00]
[11.09697331 12.22711819 -2.09411765]
[11.09962062  9.64576779 -0.77647059]
[11.0940831   8.03007952  0.96470588]
[11.07057514 11.25252516 -1.52941176]
[10.97324829 11.09932881 -1.17647059]
[10.95202368  5.67692847 -1.95294118]
[10.90093473 10.02540196 -1.50588235]
[10.82220309 -0.17877857 -2.09411765]
[11.32171269  9.97156993 -1.92941176]
