[ 0.99008303  3.12268213 -1.16175931]
[ 3.18009261  2.72039548 -1.68102844]
[-5.47178556 -5.74776129 -1.79388235]
[-0.93753651  2.88664957 -2.02352941]
[11.97550207  9.41313599 -2.10588235]
[ 1.89673127  4.1283916  -1.27058824]
[ 8.95520199 -4.1777383  -2.18823529]
[ 9.55366557  4.60543022 -2.16470588]
[10.00481602  8.65100988 -2.16470588]
[10.95099885  6.74784355 -2.18823529]
[11.17799603 10.34701158 -2.14117647]
[11.22851379 -2.79450472 -2.11764706]
[12.29551905  2.50593893 -2.16470588]
[12.42842625  9.2246553  -2.16470588]
