[-5.04353948  7.81445149 -0.75160368]
[ 1.14860715  3.06942686 -1.19595474]
[-11.54260032   6.82124016  -1.44684492]
[ 1.82303234  9.97964179 -1.46176471]
[-5.65972168  8.5575711  -1.82745098]
[-6.10352897  8.55161306  0.23267974]
[-4.95078915  9.48792522  0.24052288]
[-8.95377403  7.80328479 -1.7       ]
[ 0.94822412 12.11743937 -0.39663866]
[-3.58035145 10.29498982 -1.39215686]
[-5.937055    6.89739994 -0.65098039]
[-11.49482392   5.53992261   0.37254902]
[ 0.94156709 10.83315093 -1.88627451]
[-4.27361517  9.7709103  -0.34509804]
[-7.0347329   9.16874041 -0.24705882]
[ 1.17314949 10.0855885  -0.77176471]
[-5.46119299  7.10793069 -1.97647059]
[-12.38542493   7.49688068  -1.07764706]
[-2.80185183  9.0407107  -1.81176471]
[-11.3804213    4.98028349   0.55882353]
[-4.26799784  8.84141114 -1.40392157]
[-4.23900894  8.67653828 -0.98823529]
[-4.36114434  9.81532152  0.13333333]
[-4.08107292 10.54310301 -1.56078431]
[-5.65196494  9.994877   -1.63137255]
[-3.61096833 10.10176809  0.29019608]
[-4.48340275  8.04910784  0.11764706]
[-3.24734433  9.24979881 -1.46666667]
[-8.14876205  8.70739511  0.45490196]
[ 1.7483221   9.13148556 -1.52156863]
[-7.01743746  5.83469594 -2.05490196]
[ 1.14297198  9.33942808 -1.9372549 ]
[-6.27790677  8.89121287 -1.59215686]
[-8.29863635  8.0841039   0.3372549 ]
[ 2.70170533 11.02573744 -0.4       ]
[-0.90868736 11.91480834 -0.03137255]
[-9.3639715   8.39916967 -0.76078431]
[-5.61733188  6.13907427 -2.09411765]
[ 3.14963817 11.44886095 -0.25882353]
[-5.35971274  8.15298019 -1.69411765]
[-7.85079301  6.89831779 -1.65882353]
[-5.34894532  8.38944193 -0.89411765]
[-6.41177106  8.96308414 -1.14117647]
[-6.98475318  9.0477422  -1.08235294]
[-5.84595502  8.82481906 -0.65882353]
[-7.12069987  9.52166288 -1.27058824]
[ 2.48932713 10.09810313 -0.15294118]
[ 2.36710409 10.26236357  0.25882353]
[ 2.1795313  10.83818328 -1.11764706]
[ 2.03620924 10.61288716 -1.56470588]
[ 1.83695214  9.7979633  -0.11764706]
[ 1.51266033 11.56705999 -0.16470588]
[ 1.1770643  12.23907003 -1.07058824]
[ 0.66318734 11.99197281 -0.6       ]
[ 0.44884493 12.07002217 -0.11764706]
[ 0.05158614 12.17574063 -1.02352941]
[-7.57349607  9.03458262 -1.36470588]
[-0.66103097 11.47358212 -0.89411765]
[-0.78906717 12.36706513 -0.04705882]
[-1.77289677 10.76067996 -0.94117647]
[-2.2402311  10.0542112  -1.16470588]
[-3.80375413  9.58881769 -1.10588235]
[-3.83682872 10.11166213 -0.25882353]
[-3.9880595   8.22368022 -1.42352941]
[-4.27074415  9.21226393  0.18823529]
[-4.39184192  9.40130945 -1.96470588]
[-4.99039105  9.61131732  0.63529412]
[-0.28550385 10.41034194 -0.15294118]
[-9.72741469  7.21383655 -0.12941176]
[-8.92752366  8.00878943 -0.22352941]
[-8.9987131   7.34057265  0.15294118]
[-12.13388666   4.18591112   0.68235294]
[-8.93309233  6.73484843 -0.11764706]
[-12.17017203   6.87123412  -1.87058824]
[-9.76655274  8.2736272   0.58823529]
[-12.26498996   7.49678382  -1.71764706]
[-10.36487516   8.26348448  -0.25882353]
[-11.14966704   7.19867776  -1.83529412]
[-12.33303475   6.7884274    0.35294118]
[-7.93938825  9.21174768 -1.6       ]
[-5.50209691  8.11204691 -0.67058824]
[-12.24829475   7.73654534   0.71764706]
[-0.90516463 10.10101946 -0.44705882]
[-11.23097955   6.52950946  -1.85882353]
[-11.274594     6.30029859   0.8       ]
[-11.1444047    7.82634837  -0.63529412]
[-0.94454865  2.94805022 -2.04705882]
[-0.57994586 10.45006565 -0.37647059]
[-0.99627662 11.42197951  0.11764706]
[-1.17160951 10.62079747 -1.78823529]
[-0.55523969 10.62460731 -1.62352941]
[-1.19815981 10.944422   -1.27058824]
[-0.52974956 10.1285865  -0.35294118]
[-3.6020653   8.87149123 -0.87058824]
[-3.4949081   8.57835818 -0.70588235]
[-3.4494015   9.4454653   0.21176471]
[-10.82678696   8.37645459   0.30588235]
[-3.02244553  9.62280208 -0.16470588]
[-2.99628477  8.94591984 -1.29411765]
[-10.87269673   6.68027113  -0.63529412]
[-11.12688368   5.9954365    0.04705882]
[-1.93065688 11.50028966 -0.51764706]
[-1.90191696  8.92539212 -0.63529412]
[-1.82895271 10.45180173 -1.31764706]
[-1.82528961 11.18010101 -0.56470588]
[-0.47055697 12.25539274 -1.55294118]
[-1.7010914  10.82371061 -1.29411765]
[-1.60030828  9.9230489  -0.32941176]
[-1.42318685 11.22367838 -1.10588235]
[-10.9248432    7.9712317   -1.24705882]
[ 1.15554407 11.40535193 -1.71764706]
[-12.09635416   6.42359583  -1.71764706]
[ 1.17574046 10.44797977 -1.24705882]
[ 1.19572744 12.30103498 -2.        ]
[ 1.29827766 11.74841096 -1.36470588]
[ 1.40416007 10.44501474  0.23529412]
[ 1.67814392 12.41916063 -1.67058824]
[-0.04740823  3.70478654 -2.11764706]
[ 1.95472703 11.86921122 -0.82352941]
[ 1.99692636  9.60403623 -0.28235294]
[ 2.04400678  3.7198802  -1.83529412]
[-12.3749419    6.82767624  -0.56470588]
[-12.39642202   7.10192748   0.09411765]
[-12.40514084   6.5058393   -1.62352941]
[-12.42581219   6.30267792   0.70588235]
[ 3.07603347  9.90419735 -0.68235294]
[ 1.89764145  4.09677094 -1.2       ]
[-0.42191116 11.57476494 -1.55294118]
[-0.40407574 12.25238007 -0.89411765]
[-0.3742135  11.09768144 -1.57647059]
[-11.38021834   3.89521784  -1.17647059]
[-3.64746083  9.87305393 -0.42352941]
[-11.4201962    4.27399253   0.58823529]
[ 0.01991124 12.47964997 -0.58823529]
[-11.87299928   3.95307573  -1.12941176]
[ 0.2478534  12.27722158 -0.63529412]
[ 0.32944288 12.44609317 -0.18823529]
[-11.59532072   5.79525862  -1.97647059]
[-11.69914383   4.54965548   0.49411765]
[-11.74696861   5.64850263  -1.64705882]
[-11.79941333   6.92535421  -0.25882353]
[ 1.01992178  8.34570075 -1.92941176]
[-11.8040292    5.34922498  -0.68235294]
[ 0.05232565 10.04984157 -1.50588235]
[-8.51982113  8.82302282 -1.90588235]
[-6.27829455  6.82693266 -0.54117647]
[-6.25239343  7.77175682  0.37647059]
[-6.19586252  6.65561991 -2.16470588]
[-6.17554442  6.34912263 -2.11764706]
[-6.12109921  6.8714711  -1.95294118]
[-8.57094636  7.57864326 -1.95294118]
[-10.52185513   6.82453189  -1.90588235]
[-5.99463611  8.92280711 -1.85882353]
[-5.89704425  8.69480189 -0.25882353]
[-5.85351201  9.30578855 -1.38823529]
[-5.7550062   9.54960185 -1.6       ]
[-9.02575102  8.47510734  0.44705882]
[-5.62312226  9.09672562 -1.95294118]
[-5.62448036  9.43041578 -0.02352941]
[-5.57626858  9.17220258 -1.62352941]
[-8.87745095  9.19659368 -1.29411765]
[-7.87125749  9.89892547 -1.08235294]
[-7.80022081  8.88001224  0.4       ]
[-7.77971909  8.25205346  0.02352941]
[-7.57140418  8.44688886  0.14117647]
[-7.49879059  9.02770983 -0.23529412]
[-7.48050489  7.85162858 -1.97647059]
[-7.47928589 10.77423776 -2.09411765]
[-6.32914904  9.42277766  0.02352941]
[-8.20259789  6.99942544 -1.27058824]
[-7.12692762  9.02193594  0.35294118]
[-8.27602841  8.4244085   0.61176471]
[-7.07107489  9.25376611 -1.6       ]
[-8.37799829  7.54904684 -1.38823529]
[-8.45285033  9.14737381 -0.75294118]
[-8.47601998  8.35005229 -1.81176471]
[-6.32193658  9.11966356  0.35294118]
[-7.97213683  7.09527739 -1.03529412]
[-4.3533262   9.84671807 -1.62352941]
[-10.27542882   7.75301003   0.98823529]
[-10.35215167   6.87981919  -1.55294118]
[-4.2947508  10.82909514 -0.98823529]
[-4.2555768   9.07807679 -0.25882353]
[-4.20449663  8.25077513 -1.05882353]
[-4.17385067  9.3984681  -0.54117647]
[-9.12260049  8.45101089 -0.35294118]
[-10.419262     6.68034018  -0.49411765]
[-4.0956165  10.04811201 -2.        ]
[-10.52528639   7.42827976  -1.22352941]
[-3.87720945  9.02696602 -0.37647059]
[-3.85513165 10.35536376  0.21176471]
[-3.77779597  8.65106657 -1.36470588]
[-10.64590737   7.00306819  -0.28235294]
[-10.79440114   6.44782113  -0.96470588]
[-4.14532647  8.42471608 -1.69411765]
[-5.42327816  8.62972561 -0.54117647]
[-9.29409367  7.05010247 -1.85882353]
[-9.35252501  7.04552572 -0.11764706]
[-9.42155475  7.57751872  0.18823529]
[-5.2253081   8.15576289 -1.38823529]
[-5.17272414  8.4989934  -1.43529412]
[-5.05128913  7.37592473 -1.62352941]
[-9.73086289  7.60574968  0.54117647]
[-4.92592095  8.5961114  -0.75294118]
[-4.84510132  8.70091761 -1.03529412]
[-4.65117287  8.44875382 -1.88235294]
[-4.65079914  9.7020778  -0.82352941]
[-9.60379258  5.02553936 -2.14117647]
[-4.5441772  11.25568674 -0.49411765]
[-4.42615791  8.17871292 -0.30588235]
[-9.63073826  7.92831934  0.37647059]
[-9.50194931  8.49703086 -1.27058824]
