[ 0.72916771  3.04414199 -1.09634471]
[ 3.11063707  3.41687052 -1.25365854]
[ 3.21180619  2.72521679 -1.63536212]
[12.25475529 12.03673831 -2.09197861]
[ 0.98148057  4.31931552 -0.32      ]
[12.33146805  2.89355169 -2.11764706]
[11.60096816  9.09751733 -2.11764706]
[10.9985681  10.06347649 -2.12352941]
[ 2.0566927   3.43048809 -1.74117647]
[ 1.20129654  3.1484804  -2.02352941]
[ 1.86060999  4.08544132 -1.02352941]
[ 9.0496283  11.76351099 -2.11764706]
[ 9.67760276 11.18877527 -2.09411765]
[11.19528428  9.67565771 -2.07058824]
[11.15295511 -0.50490154 -2.16470588]
[10.60595194  7.95289659 -2.11764706]
[10.55206024  7.22021423 -2.16470588]
[ 2.40266879  3.04992627 -0.96470588]
[ 1.32991005  3.70114426 -1.52941176]
[ 0.33041841 -6.65318678 -1.41176471]
[-4.50294871 -4.27195385 -1.57647059]
[12.14576459  8.60234204 -2.14117647]
