[ 0.78228475  3.02549418 -1.11174155]
[ 3.18919167  3.32916776 -1.21728691]
[ 3.29565086  2.64491913 -1.68475788]
[ 9.89332994 10.94706519 -2.10980392]
[11.49737485  9.39414713 -2.10196078]
[12.38501286 12.42683317 -2.07058824]
[12.42396593 12.04036071 -2.10588235]
[ 9.42858749  6.15061169 -2.18823529]
[ 2.07021543  4.15541358 -1.6       ]
[ 9.94582864  5.92624316 -2.11764706]
[10.97922678 -2.50392945 -2.18823529]
[11.1495944   6.72374434 -2.09411765]
[11.32636622 -0.62808765 -2.16470588]
[11.44874081 -1.07465802 -2.04705882]
[ 1.99686176  4.02864438 -1.31764706]
[12.22606367  4.0768465  -2.16470588]
[12.24701604  8.32699745 -2.02352941]
[-0.20130541 -6.67798162 -1.38823529]
[12.34970143 -4.81935626 -2.18823529]
[12.4442973   2.54661378 -2.09411765]
