[10.66984522  6.0212593  -0.57425531]
[ 1.15141833  3.09562235 -1.20318938]
[-11.44854785  12.28240601  -1.75332068]
[ 8.71109993 10.69990744 -1.77800512]
[10.93668226 12.03213996  0.10235294]
[10.29119944 10.52214233 -1.52036199]
[11.42735322 12.14370169 -0.45294118]
[-11.47527399   6.16636228  -1.96470588]
[12.14965732  4.71912358 -1.68983957]
[11.24401087  7.23129543 -1.79869281]
[10.14891334  5.08599404 -2.02352941]
[ 1.91431828  3.84655559 -1.08529412]
[ 8.93299662 12.243475    0.46386555]
[12.33014002  6.79363109 -0.94453782]
[12.2083011   4.95807645 -0.99215686]
[10.97910989  7.90564593 -1.88627451]
[11.54158366  4.20402837 -1.70196078]
[10.01618982 11.12072432  0.76235294]
[ 9.70887142  5.62323844 -1.20941176]
[ 9.62483874  9.68642599 -1.11529412]
[10.78964062 11.6566172  -0.29176471]
[10.6431902  11.49383516  0.69176471]
[10.60613445  7.26957693 -1.01764706]
[11.54434738 10.25670518  0.27647059]
[10.0193996  12.13533956  0.84705882]
[10.84909683 11.55006623 -0.8       ]
[11.90085262  9.31093404 -0.12941176]
[11.35385719  7.24919046 -0.14901961]
[11.20867164 11.68123945  0.50980392]
[10.96241583  4.70791072 -1.84313725]
[10.65123376 10.12756477  0.50196078]
[11.62835855  7.74961744  0.4       ]
[10.8995808   9.79204251 -0.56470588]
[ 9.90915906 11.82513809  0.38431373]
[12.43628616 -0.36065418 -0.36078431]
[-12.21505384  12.42625907  -0.49411765]
[ 9.07557239 10.34491426  0.16470588]
[12.29664764  5.43646267 -1.03529412]
[ 7.72631609 12.17628706  0.09411765]
[10.47418147  5.8232101  -2.08235294]
[11.31085696 11.86494183 -0.77647059]
[10.21279624  7.3634738   0.97647059]
[11.34997002  8.38835906 -1.45882353]
[12.47550208  4.93596432 -1.77647059]
[10.13713282  9.96133285 -1.69411765]
[ 9.92952381  8.30086503 -1.94117647]
[ 8.77807663  8.76326947 -1.31764706]
[10.9782752  10.92652326  0.82352941]
[ 9.77734701 11.83753759 -1.76470588]
[ 9.06431538  9.96304299 -0.24705882]
[12.02535499  6.98933171 -0.61176471]
[10.76272595  7.6263588  -1.17647059]
[ 9.02547059 11.95409603 -1.68235294]
[11.72492716 11.73845401 -0.90588235]
[ 9.54835964 12.32106799 -1.88235294]
[ 9.47642512 11.42741269 -1.70588235]
[-12.21036485  12.32193163  -1.08235294]
[10.79934887  7.17404235 -1.58823529]
[10.76602358  9.33925144 -1.61176471]
[10.80084507  8.01130854 -1.41176471]
[10.90873316  5.30133591  0.91764706]
[10.83953612  6.84173761 -1.70588235]
[ 9.47543998  6.35316133 -1.92941176]
[11.07707506 10.52074928 -0.14117647]
[11.02549506 11.22537008  0.44705882]
[12.36997307  4.52656232  0.63529412]
[12.43074514 10.50235883 -0.51764706]
[12.45485536  0.05592182 -1.05882353]
[12.44984973  0.07409041  0.61176471]
[11.17006759  3.85121141 -2.04705882]
[12.45036923  5.50534174  0.04705882]
[10.85180179  6.27832794 -1.01176471]
[11.01966069  7.71909772  0.        ]
[11.9280893  12.05218863 -0.63529412]
[11.92722742  5.30206586 -1.17647059]
[11.87371802  8.00135692 -0.91764706]
[11.86939185 -0.19568953 -0.87058824]
[11.85307925  7.45597267 -1.41176471]
[11.97325224  7.1247377  -0.35294118]
[11.99836087  7.59504962 -0.56470588]
[10.82705646 11.12198949 -1.34117647]
[11.65072225  9.10011043 -0.98823529]
[11.65435233  4.00111203 -1.92941176]
[11.60231928  1.0767139  -2.04705882]
[12.47265729  1.57952893  0.23529412]
[12.08080603  4.97912481  0.8       ]
[11.52628333  3.09757147 -0.8       ]
[12.12259069  7.07985555 -1.43529412]
[11.47444024  9.95214261 -1.08235294]
[12.15138842  4.4558647  -1.36470588]
[12.19489805  0.75556578  1.2       ]
[11.42354346 12.05305713  0.23529412]
[12.22143262  7.70343688 -0.32941176]
[11.34450891  3.65239693 -1.17647059]
[12.24503967  8.17315721 -1.08235294]
[12.27080747  1.18053717  0.16470588]
[11.17220105 10.13094302  1.15294118]
[12.02025202  4.15057797 -0.8       ]
[9.29723528 6.94670134 0.18823529]
[ 9.25279789  9.62901417 -1.90588235]
[ 9.20388661  8.25404313 -1.64705882]
[ 9.17738648  6.35402037 -2.09411765]
[ 9.1454698  10.77889351 -1.76470588]
[ 9.13014143  8.27950552 -2.04705882]
[ 9.05136747  9.77856731 -2.09411765]
[ 8.98023749 11.40305054 -1.88235294]
[ 8.94578146  5.95283946 -2.09411765]
[ 8.87629401 11.12723386  0.07058824]
[ 8.71983832 11.949249   -1.01176471]
[ 8.67146498 10.2193049   0.68235294]
[10.42427667  8.95150547  0.54117647]
[ 8.47583283 10.37628786 -1.05882353]
[ 8.40225057 12.27807932  0.54117647]
[ 8.32151401 11.77463995  0.56470588]
[ 8.19407597 12.47398265 -0.35294118]
[ 8.12884954  9.07700138 -2.09411765]
[ 7.87062296  9.94625532 -2.09411765]
[ 4.61902395 -3.07440555 -0.54117647]
[ 2.12446234  3.09507423 -1.95294118]
[-8.64674657 12.42657292 -1.6       ]
[-8.84921375 12.09554253 -1.6       ]
[-11.75090978  11.90109359  -1.55294118]
[-11.87271083  12.47739656  -0.94117647]
[-12.42273109  12.27023004  -2.16470588]
[ 8.59807601  9.75554392 -0.51764706]
[10.70247791  5.20411203 -1.88235294]
[10.67738782  8.22075487  0.56470588]
[10.67889567  7.74685262 -1.57647059]
[10.62698558  8.02279846 -1.92941176]
[10.57494652 10.74663364  0.84705882]
[10.50494238 10.35277831  0.11764706]
[10.49593908  5.54934277 -0.98823529]
[10.45217979  8.19425189 -0.54117647]
[10.37383447  4.87071877  0.14117647]
[10.34514119 10.64985187  0.16470588]
[10.35153673  6.97793528  0.82352941]
[10.32419341 12.30135688 -0.4       ]
[10.27646599  7.89419063 -2.        ]
[ 9.34492133  5.04840591 -2.16470588]
[10.17760302  7.80511476  0.04705882]
[10.15530987 12.05508565  0.18823529]
[10.12815589  0.92126123 -2.07058824]
[10.09693112  9.37161926  0.72941176]
[ 9.9708175  12.19536884  0.44705882]
[ 9.95069064 10.82550353 -0.89411765]
[ 9.92980571 11.90382604  0.04705882]
[ 9.85135416 11.82899248 -0.35294118]
[ 9.84964578 11.6012865   0.65882353]
[ 9.75094726  4.92010597 -2.18823529]
[ 9.72706468 10.51975732 -1.03529412]
[ 9.69442604  6.02654888 -1.71764706]
[9.47859402 8.99489694 0.        ]
[10.22699438  7.37119611 -0.8       ]
