[ 0.77680986  3.05061274 -1.09968977]
[ 3.13485562  3.42575063 -1.32569391]
[ 3.18967796  2.69516275 -1.68250774]
[-5.02326656 -3.62361688 -1.48235294]
[-0.9518734   2.93121958 -2.04705882]
[ 2.03038633  3.69355942 -1.7254902 ]
[-5.28586866 -3.40219523 -1.48235294]
[-4.48047955 -4.07665425 -1.55294118]
[-0.37228353  3.83020192 -2.02352941]
[ 1.90006727  4.05465692 -1.27058824]
[ 2.57405898  3.15476322 -2.04705882]
[10.77871259 11.64837914 -2.16470588]
[12.02996056 -5.57571416 -2.16470588]
[12.17053751  9.24753767 -2.14117647]
[12.19654323  4.99774046 -2.16470588]
[12.40526805  2.55258694 -2.11764706]
