[ 0.99114266  3.14246969 -1.11559256]
[ 3.10658552  2.77126898 -1.65019608]
[11.40986213  7.97747197 -2.10519031]
[11.79694367 11.34838497 -2.05835294]
[-5.01800747 -4.53963884 -1.81635581]
[-7.81257299 -9.4764905  -1.99663866]
[11.33912165  4.2613912  -2.08235294]
[12.21524121  2.09040538 -2.10823529]
[11.10052757  5.37556902 -2.08627451]
[ 9.70162695  8.04084366 -2.10980392]
[10.26492029 10.02264111 -2.10588235]
[11.84794552  3.25953638 -2.11764706]
[11.5581653   3.61412448 -2.16470588]
[ 9.93774693 10.58251503 -2.14117647]
[10.03381823  3.81715523 -2.05882353]
[10.87297582  5.91378384 -2.11764706]
[10.32073589  6.89816118 -2.08235294]
[ 2.0031731   3.55512383 -1.85882353]
[10.57047825  4.07679366 -2.18823529]
[10.59508861  6.55359743 -2.09411765]
[ 1.8241959   4.15226465 -1.36470588]
[11.17621813  0.04477965 -2.09411765]
[ 1.74790555 -7.00369858 -1.03529412]
[11.344284    4.97504101 -2.11764706]
[12.35123794  1.0045992  -2.16470588]
[10.74867235  1.77786129 -2.14117647]
[ 9.84938353  4.14840834 -2.16470588]
[ 9.82695295  4.71953397 -2.09411765]
[ 9.74733205 11.022645   -2.14117647]
[ 9.54607712  5.57498558 -2.11764706]
[ 9.47718482 11.32716743 -2.09411765]
[ 9.35205911  8.14826898 -2.14117647]
[ 9.2540145  11.55015404 -2.11764706]
[ 9.025887    6.02924441 -2.07058824]
[ 8.84413784 11.77191782 -2.07058824]
[ 8.62712141 12.20553353 -2.14117647]
[ 8.00497738  5.02330851 -2.14117647]
[ 7.42963042  6.55305527 -2.16470588]
[ 3.37101662  3.62795434 -1.95294118]
[ 9.97974711  7.22261834 -2.04705882]
