[ 1.0195976   3.11864315 -1.1160648 ]
[ 3.14694614  2.73679899 -1.67729138]
[ 4.66704057 -4.84863419 -1.53993808]
[ -1.78161741 -11.72943285  -1.94117647]
[-0.98002267  2.92751841 -1.92941176]
[12.17797443  8.43687424 -2.08627451]
[11.31653859  9.41545035 -2.1254902 ]
[11.77545909  3.98837922 -2.14117647]
[12.44639057  7.84951448 -2.09411765]
[12.22316407  3.37863157 -2.18823529]
[11.97106858  8.89564362 -2.11764706]
[11.52046168  6.12521627 -2.11764706]
[11.38014131  5.82865924 -2.14117647]
[11.07119596  9.83070838 -2.11764706]
[10.74772841 10.39965807 -2.16470588]
[10.40253028  9.94532385 -2.16470588]
[10.22138153 10.80147646 -2.16470588]
[10.19838593  4.6031507  -2.04705882]
[10.14800927 11.34591012 -2.07058824]
[ 9.94665192 11.94686715 -2.18823529]
[ 9.82790651  5.54564433 -2.16470588]
[ 9.14559827 12.42025094 -2.18823529]
[ 3.37719517  3.57201964 -2.09411765]
[ 2.47206827  2.9304142  -1.55294118]
[ 1.84994456  4.06954052 -1.27058824]
[ 0.52677608  2.5761217  -1.78823529]
[12.40068646 -5.35144799 -2.16470588]
