[ 1.13111199  3.08162222 -1.20592734]
[ 0.87178412  9.51795153 -0.44569237]
[-6.08060574 10.75163492 -0.68671423]
[ 7.92176616  8.46913271 -1.00962152]
[ 6.87306533 10.1726602  -0.11686275]
[-11.1070796   11.43401623   0.28277311]
[-10.9355376   11.88955127  -0.15180266]
[ 1.70617357 11.04565946  0.24761905]
[-12.08399077  12.056139    -1.43970588]
[ 7.15158331  9.50748628 -1.05294118]
[-2.25256981 11.25825728 -1.57843137]
[-10.96406084  11.69092712  -1.85026738]
[ 6.12278331 10.33324513 -0.29176471]
[ 0.14949682 10.73681649 -0.8130719 ]
[-5.60011561 11.20565227 -0.20653595]
[-0.44262468 12.10814382 -1.02058824]
[-9.81280019 10.28047938 -0.39117647]
[-8.0559874  10.73006833 -1.95      ]
[-12.35572775  11.46040593  -0.6       ]
[ 4.21811681 11.96797674 -0.44117647]
[-0.07358114  9.07284943 -1.94705882]
[-2.97935428 11.27925358  0.35294118]
[-10.52250792  12.35104608  -0.71260504]
[ 3.12837505 11.1498283  -0.34901961]
[ 2.78374706 10.31155087  0.23137255]
[ 4.54821551 10.77552346 -0.42352941]
[-6.00671942 10.43893402  0.46666667]
[ 7.68426389  9.90088728 -0.64705882]
[-0.14875961 11.69782251 -0.36078431]
[-0.80442974  8.94475368 -2.00470588]
[-5.24249509 12.40813347  0.54117647]
[-3.26955911 10.56053426 -1.92941176]
[-10.75396455  11.14549968  -1.01647059]
[-11.33920464  10.99189315  -0.49882353]
[-11.53770505  11.76992407  -1.24235294]
[-11.87549156  -9.83958308  -2.03294118]
[ 7.74684042 10.35998097 -0.49882353]
[ 8.51229333  7.07550452 -1.36470588]
[-11.14779047  12.32489502  -1.82588235]
[-0.55362485 12.07403441 -0.27058824]
[-0.53851516  8.3361306  -2.07647059]
[ 0.82460556 11.28716982 -1.55294118]
[ 4.80259278 12.25649383 -0.31764706]
[ 5.03210115 10.85602273 -0.54117647]
[ 5.55387077 11.4200624  -0.38235294]
[ 7.20453298  8.70975853 -1.14117647]
[-7.01245104 10.56635139 -1.75882353]
[-12.14904836  12.0230161   -0.67647059]
[-12.00245173  12.2289018   -1.87647059]
[ 9.62089736  8.85047102 -1.06470588]
[-9.39093299 11.36943137 -0.59411765]
[-6.34916231 10.86886141 -1.41176471]
[ 0.69231545 10.43382906 -0.76862745]
[-1.5875957  12.4157322  -1.59215686]
[ 1.06083832 10.73164174 -1.94509804]
[-11.8084816   12.25102434   0.98823529]
[6.04070464 9.01536599 0.42352941]
[ 4.78178496 11.31011134 -0.36078431]
[ 9.38506336  8.58843231 -1.78823529]
[ 7.95478008  9.43282049 -1.91372549]
[-1.6890421  11.43381859 -0.09411765]
[ 4.02655781 11.15055263 -0.55686275]
[-9.94448505 10.84404694 -0.56470588]
[ 7.66686375 11.39160598 -0.37647059]
[-2.02599461 11.71683722  0.32941176]
[ 5.9137455  10.82234978 -0.49411765]
[-0.97603084 10.23761752  0.27058824]
[-9.42354311 12.46563224 -0.05882353]
[ 7.66441377  8.38809825 -0.57647059]
[ 7.91342437  9.74824336 -1.45882353]
[-3.66377516 12.32602762  0.08235294]
[-3.22205572  9.33947804 -1.91764706]
[-9.62239537 12.16475177 -0.57647059]
[-3.05227153 10.51154251 -0.14117647]
[-9.79894756 11.70062165 -0.74117647]
[ 6.71509202  9.66108361 -1.04705882]
[ 7.03631011  9.59989779 -0.35294118]
[ 5.03976688  9.64750402 -0.41176471]
[-3.75432479 10.99020598 -1.21176471]
[ 6.0784757   9.80406728 -0.38823529]
[-8.07547122 11.84441717 -1.74117647]
[-8.07832284 10.87304303 -1.18823529]
[ 1.88467235 10.02657991  0.18823529]
[ 9.62624926 10.94097756 -1.30588235]
[-11.18756389  12.38723345  -1.17647059]
[-7.51399277 11.90921382  0.84705882]
[-7.55335772 11.20927512 -1.85882353]
[ 5.82772846  9.28974744 -0.4       ]
[ 9.24829073 11.40533881 -0.87058824]
[ 3.76486457 12.10543181 -0.36470588]
[ 0.73781279  9.74718701 -0.69411765]
[-6.7281156  11.6607619  -1.76470588]
[-6.59550531 12.01402418 -1.96470588]
[-6.29527775 12.1753873   0.50588235]
[ 8.44758005 10.40685109 -0.83529412]
[ 3.36282066 10.56550371 -0.38823529]
[ 1.99951245 10.73557433  0.10588235]
[ 5.23584893 11.13608275 -0.22352941]
[-11.12820231  12.39981916   0.45882353]
[-11.96968901  12.05240783  -0.30588235]
[ 5.05503187 10.47468796 -0.42352941]
[ 5.44812037 10.87879724 -0.49411765]
[ 5.14409367  8.94507592 -0.44705882]
[-11.87914332  11.30403351  -0.61176471]
[ 4.95370867 10.37818828  0.02352941]
[ 4.69815372  9.63042292 -0.54117647]
[ 4.65307844 10.32581039 -0.47058824]
[ 4.42721261 10.07760232 -0.61176471]
[ 4.33031543 10.64659597  0.07058824]
[-11.70191789  12.42965519  -0.09411765]
[ 3.77796762 11.65587253 -0.61176471]
[-11.44695105  11.60029629  -0.11764706]
[ 2.98085636 12.05089842 -0.42352941]
[ 2.97491105 10.75412651  0.32941176]
[ 2.97766822 10.6978224  -0.09411765]
[-11.35081748  12.15099626  -0.42352941]
[ 2.24505934 10.22883173 -0.56470588]
[ 1.99730628  3.45065426 -1.90588235]
[-11.69697976  12.30202995  -0.70588235]
[ 8.24599867  8.99706822 -2.02352941]
[ 8.30107658 10.00569535 -1.01176471]
[-12.45526385   9.09916345  -0.84705882]
[ 8.42622425 10.8807285  -1.78823529]
[ 8.5223917  10.42226537 -1.45882353]
[ 8.55535321 10.97572472 -2.07058824]
[ 8.70329359 10.82588818 -0.94117647]
[ 8.8015605   9.60185414 -0.91764706]
[ 6.80032998  9.00356161 -1.43529412]
[ 8.87120612  9.55154166 -1.31764706]
[ 8.90339894 10.00276548 -1.03529412]
[ 9.01990181 10.95346895 -1.57647059]
[ 9.2250195   8.2473914  -1.45882353]
[ 9.24824537  8.60326297 -1.48235294]
[ 9.24965404 11.12236886 -1.43529412]
[ 9.38065925  8.30076428 -1.10588235]
[ 9.57853272  8.43001052 -2.16470588]
[10.12076582  9.12290212 -0.98823529]
[ 8.84522834 10.02964315 -0.68235294]
[-12.00530955  11.42792218  -1.15294118]
[ 5.94736423 12.00464453 -0.49411765]
[ 6.20470616 11.65251377 -0.61176471]
[6.27284991 9.24630456 0.28235294]
[ 6.2694168  11.27500953  0.02352941]
[-12.07978989  11.57947209   0.18823529]
[ 6.59509749  8.79618417 -1.88235294]
[ 6.62564285 11.67056397  0.02352941]
[-12.09737716  12.17150118   0.63529412]
[ 8.23005564 10.64423245 -2.04705882]
[-12.1275331    9.4539223   -0.68235294]
[ 7.40043691  9.70213908 -0.30588235]
[ 7.47181376 10.60349994 -0.04705882]
[ 7.52776085 10.02845714 -0.11764706]
[ 7.6013209   9.2704203  -0.70588235]
[-12.37803711  10.02318246  -2.16470588]
[ 7.77979782 10.1715883  -2.        ]
[ 7.82062638  7.37793794 -1.95294118]
[ 7.90517589  9.39528827 -1.41176471]
[ 7.04861675 10.19681359  0.47058824]
[-5.99774921 12.27323338  0.56470588]
[-5.87052863 12.40369663 -1.83529412]
[-9.04971364 10.24997278 -0.18823529]
[-5.54870457 12.4308452  -1.05882353]
[-5.50449294 11.70310331  0.61176471]
[-5.44924603 11.72509731  0.14117647]
[-5.15258331 11.80529448  0.65882353]
[-5.09689416 10.85416715 -1.85882353]
[-5.06946451  8.74630159 -2.11764706]
[0.33049951 9.43085184 0.58823529]
[-4.49700609 11.14963202 -0.96470588]
[-4.5006557  12.37658068  0.87058824]
[-3.52936172 11.37626109 -0.11764706]
[-3.40131777 10.52850995 -1.50588235]
[-3.32934103 10.7792725  -0.42352941]
[-3.04652985  9.37074158 -0.51764706]
[-3.05207237 11.92690438  0.44705882]
[-9.65482633 10.99771614 -0.25882353]
[-2.92560701 10.9057246   0.16470588]
[-4.74778915 11.95545226 -0.75294118]
[-8.32926771 11.10445101  0.18823529]
[-8.00346165 11.62748828 -0.70588235]
[-7.82919298 10.92251133  0.44705882]
[-7.82461099 12.17806622 -0.23529412]
[-7.7476427  12.29863956  0.18823529]
[-7.55261431 11.09596805  0.42352941]
[-7.47541453 12.12797792 -2.09411765]
[-7.34534763 12.32245339 -0.09411765]
[-7.27316607 10.77711846 -2.        ]
[-6.09843203 10.82923355 -0.8       ]
[-7.23053836 12.29830517 -1.69411765]
[-8.58004664 12.11987631 -0.18823529]
[-6.87035805 11.30258075 -1.17647059]
[-6.73070794 12.37604107  0.09411765]
[-6.50538028 11.87561442 -0.87058824]
[-6.44708169 12.13082657 -1.64705882]
[-6.42457062 12.37930638 -0.98823529]
[-6.22196498 11.87317752 -1.67058824]
[-6.22389278 12.25411667 -0.21176471]
[-8.59650274 12.4714868   1.03529412]
[-7.27387084 11.26927177 -1.52941176]
[-9.99689427 12.35381222  0.70588235]
[-0.75512906 11.47689321 -1.17647059]
[-10.42208669  10.6283471   -0.51764706]
[-0.546105   11.17685584 -1.05882353]
[-0.49873631 11.52210527 -0.8       ]
[-0.40163268 11.57690364  0.02352941]
[-10.52999824  11.62688104  -0.56470588]
[-0.33072808 11.65250654 -1.10588235]
[-0.24698486  8.94719572 -0.47058824]
[-2.55418351 11.75340543  0.35294118]
[-0.22254331 11.69402059 -0.8       ]
[-0.17019139  9.57237326 -1.97647059]
[-11.00188012  11.54959811  -1.24705882]
[ 0.37626073  9.1508683  -1.12941176]
[ 0.40147867 10.70467417 -1.22352941]
[ 0.50479712  9.47905867 -1.48235294]
[ 0.924129   10.64722474 -1.6       ]
[ 1.02931444 11.05434973 -1.57647059]
[ 1.17028544  9.75046904 -0.21176471]
[ 1.89729655  4.14825576 -1.27058824]
[-10.8224087   12.48009142   0.23529412]
[-9.82193904 11.35438487 -0.04705882]
[-2.4048464  10.55309316 -1.6       ]
[-2.35113026 10.22562079 -1.67058824]
[-2.20375784 11.07329752 -2.07058824]
[-1.94590206 12.25096303 -1.52941176]
[-1.82723123  9.12841408 -0.21176471]
[-1.78024145  8.87012497 -2.        ]
[-1.75084807 11.90101431 -1.62352941]
[-1.69542726 11.62729248  0.37647059]
[-0.77908371  8.97588003 -0.07058824]
[-1.45359661 12.25353129  0.07058824]
[-1.38033638 12.24828522 -1.03529412]
[-1.2968675   9.1502297  -1.41176471]
[-1.09561842  9.60047954 -2.07058824]
[-1.10185116 10.19731885 -2.04705882]
[-1.07322477  9.71941857 -0.77647059]
[-1.05382521 12.05496448 -1.64705882]
[-1.02366029  8.55274597 -2.09411765]
[-9.84680446 11.57223695 -1.01176471]
[-0.85570784 11.80513794  0.        ]
[-1.5491401  10.80258868 -2.02352941]
