[ 9.13114679  6.01850385 -0.69591002]
[ 0.70801048  3.08053522 -1.143111  ]
[ 5.09896692 10.19542547 -0.05138979]
[ 3.18952785  3.13413998 -1.50410655]
[-11.80351011  10.29919579  -0.69127487]
[-10.01300861  11.98425813  -1.2194958 ]
[-1.15833850e+01  1.22685496e+01  1.20826709e-02]
[-11.93018255  12.05551682  -1.47831933]
[ 0.77660001 12.25158678 -1.65568627]
[ 2.16715359 11.75078402 -1.56862745]
[-12.36455651   8.57055165  -0.29625668]
[ 1.64694927 12.17985388 -0.66352941]
[-10.67332815  11.07602037  -1.60619195]
[11.31160579  7.01590843 -0.37777778]
[ 7.03405044  9.63581206 -1.45882353]
[-11.63878317  12.01734195   0.77478992]
[ 9.96305345  7.73819447 -1.75098039]
[ 7.76791644  8.84222169 -1.98074866]
[ 2.15150421  2.45717587 -0.87700535]
[11.82271995  2.85557843 -1.36235294]
[ 7.55923967 10.11841334 -0.2745098 ]
[-11.05866213  10.61776941  -0.8496732 ]
[-8.74824964 11.54328317 -2.02352941]
[-8.15810388 12.35618726 -0.53856209]
[12.33311087  5.29957161  0.19705882]
[10.56736531  6.2400763  -1.85      ]
[-11.73215376   9.66185161   0.48739496]
[-10.51729142  11.40117622  -0.98431373]
[ 6.26524247  8.27897225 -0.49019608]
[-9.18984402 12.25198752 -1.04705882]
[-12.44128323   8.91104353  -1.16705882]
[11.45222217  4.66644774  0.52235294]
[-8.11187455 11.11883296 -2.08235294]
[12.38303784  2.19440222 -1.37058824]
[12.08184763  6.35014292 -0.16470588]
[11.80967382  8.25090756 -0.36470588]
[ 7.05770978  8.06689245 -0.95294118]
[ 8.28168207  9.38381858 -1.84705882]
[11.57218431  5.76520035 -1.72352941]
[ 6.45711367 11.33059222 -0.46470588]
[10.18634551  8.04215392 -0.22745098]
[ 6.31245611 11.25079823  0.32941176]
[-12.45765426  12.21127717  -0.50980392]
[12.13973684  8.50918642 -0.32156863]
[ 4.39830249 11.19766009 -0.38431373]
[ 6.43364745 10.87619177 -0.10196078]
[9.98458097 8.05711471 0.29019608]
[-11.96271129  11.25089816  -1.59215686]
[-9.59875286 11.38522775 -1.98431373]
[12.16710691  1.71738843 -1.30196078]
[ 7.07228745 10.51832415  0.14901961]
[7.1313609  9.35777691 0.56470588]
[10.97346569  5.48454589 -0.26666667]
[10.94645946  8.08278859 -0.43921569]
[9.74742368 5.96751495 0.81568627]
[-11.0168225  10.8607359  -0.3372549]
[ 7.59851131 10.72414399 -0.32941176]
[ 1.32802269 12.06032689 -1.38039216]
[-10.71705537  10.18961901  -0.36078431]
[ 4.57678052 10.77856588  0.07058824]
[10.73884172  5.9879317   0.        ]
[-11.81129817  12.4197366    0.45882353]
[11.28820507  8.0951417  -0.18823529]
[ 1.88952834  4.10300544 -1.22352941]
[ 5.52322082 11.12717831  0.55294118]
[-11.87340915  12.29737974  -1.55294118]
[10.21737279  5.80965131 -1.77647059]
[-12.06059616   8.98537126   0.65882353]
[ 7.21174943  9.70188673 -0.87058824]
[7.21102252 9.86108494 0.69411765]
[-12.18439211  12.19788331  -0.85882353]
[ 8.86583463  8.23623057 -1.94117647]
[8.71266971 5.21160699 0.25882353]
[ 8.53869586  7.09054712 -0.55294118]
[ 1.95295675 12.40856634  0.70588235]
[11.82423632  5.57265391  0.15294118]
[-10.72379736   9.90741855  -1.03529412]
[ 1.23810912 11.57549289 -2.11764706]
[-8.59656754 10.8989999  -1.71764706]
[12.1488351   6.91289613 -0.17647059]
[-11.56366567  10.97460624  -1.27058824]
[-9.29723092 11.2153109  -1.77647059]
[ 1.55326871 11.20053212 -1.27058824]
[10.75049959  6.80123527 -0.71764706]
[12.05046849  3.20219961 -0.75294118]
[-12.47631573  11.62469687  -2.09411765]
[12.29789119  6.2489347  -0.91764706]
[-12.50019741  10.02983971  -1.76470588]
[-12.22700055  11.74973371  -0.54117647]
[ 9.74658189  9.61900012 -0.77647059]
[12.22989229  4.19657179 -1.76470588]
[12.25263281  2.90019935 -0.47058824]
[-12.50155334   9.29632483  -1.67058824]
[9.65094447 7.69841587 0.18823529]
[ 8.57767285  9.1516358  -1.36470588]
[ 8.62137778 11.3206798  -2.14117647]
[12.37402823  5.17944399 -0.21176471]
[ 8.80124979  9.47193528 -1.6       ]
[ 8.84505171  5.60571578 -2.        ]
[12.37061519  3.12505555  0.11764706]
[ 8.87916014  7.45502053 -0.18823529]
[ 9.79653392  8.33095216 -1.62352941]
[ 9.02770251  7.64585977 -0.94117647]
[ 9.02285424  7.94889653 -1.71764706]
[ 9.15030219  7.46925863 -0.32941176]
[ 9.44740067  4.49713371 -0.02352941]
[12.33030117  8.1239926  -0.18823529]
[ 9.50026543  8.12533769 -0.91764706]
[ 9.54702222  6.59623345 -0.4       ]
[ 9.57403963  7.44910726 -0.37647059]
[12.3505226   4.62466238 -0.23529412]
[11.35254534  5.72705809 -0.07058824]
[11.32000653  7.74869959 -0.44705882]
[-12.42057437  11.84887049  -0.28235294]
[11.42971502  6.39625102 -0.58823529]
[11.17274445  6.70403283 -0.89411765]
[11.02129278  7.470296   -0.25882353]
[10.98011008  9.02278136 -0.56470588]
[-12.36918014  10.2998495   -1.12941176]
[-12.42280861  10.5547281   -1.36470588]
[11.54431892  6.65240295 -2.        ]
[-12.42537074   9.18045913   0.82352941]
[11.59444497  7.37674257  0.28235294]
[11.74878653  7.00597413 -0.72941176]
[ 8.49661004 11.44858796 -1.88235294]
[12.42062479  7.04610951 -1.01176471]
[10.59819192  6.49871876 -0.77647059]
[10.54922318  6.82348878  0.11764706]
[10.52035549  8.92222969 -0.32941176]
[11.77293881  4.92847476  0.25882353]
[10.50427647  7.64667236 -0.44705882]
[-12.29465023  10.45553406  -1.81176471]
[10.34606663  6.70210427 -0.65882353]
[10.35436168  4.67517131 -1.05882353]
[10.23053311  5.20059543  0.72941176]
[10.20185672  8.29439937 -0.44705882]
[11.8539568   6.07541307 -1.29411765]
[10.16915896  6.54653615 -1.2       ]
[10.00212417  6.04963952 -1.71764706]
[ 9.9501604   7.44611625 -0.47058824]
[ 9.92699912  5.00387956 -1.05882353]
[10.62510996  3.11978745 -1.81176471]
[-3.85123871  2.69522579 -1.2       ]
[-11.63004323  10.89833105  -1.71764706]
[ 0.22703454 12.42415145 -1.17647059]
[-11.80108587   8.71906041  -1.90588235]
[ 1.07047065 12.34989801 -1.15294118]
[-11.82725244   9.98038779   0.70588235]
[ 1.80197296 12.32673241  0.37647059]
[ 1.97471563 12.42518483 -0.4       ]
[ 7.60214986 10.30094613 -0.87058824]
[-11.8485721    9.14506546  -2.11764706]
[-11.87835884   9.12146237   0.18823529]
[ 2.15320019  3.1275261  -2.        ]
[ 2.30126781 12.32125504 -0.07058824]
[-11.94753557   9.22792954   1.08235294]
[ 3.19983526  3.33063999 -2.07058824]
[ 3.5521549  12.44788264 -0.30588235]
[ 3.82982865  9.32963036 -0.35294118]
[ 1.9966463   3.44402682 -1.90588235]
[-11.37478526  12.44795338  -0.82352941]
[-11.32184481   9.98044124  -0.70588235]
[-11.27840968  10.69634079  -1.64705882]
[-11.20566187  11.79410568  -1.57647059]
[-11.1441269   11.24599246  -1.97647059]
[-11.10489786  12.23084997   0.07058824]
[-11.37373731  11.3970447   -1.50588235]
[-10.97638714  10.1028885    0.21176471]
[-5.62411392 12.47360785 -2.04705882]
[-11.37189188  11.22573175  -0.98823529]
[-11.42986307  11.62695521  -2.04705882]
[-10.56952132  10.82098236  -2.09411765]
[-9.62724895 11.72396762 -1.78823529]
[-11.52271697   9.12108622  -0.61176471]
[-9.05182455 11.57787741 -1.69411765]
[-8.5774226  12.40258525 -2.18823529]
[-11.59599318  11.56935881   0.07058824]
[-11.62595081  12.34492931  -1.88235294]
[-10.97337926  12.15398116  -1.55294118]
[ 7.13056792  8.33083093 -1.48235294]
[-12.12329886  10.34749262   0.84705882]
[ 7.37706398  8.37583459 -0.54117647]
[ 7.55046789  7.57438479 -0.72941176]
[-12.22713785  12.47578932   1.10588235]
[ 7.54519424 10.04481606 -1.22352941]
[ 7.64902979  8.6750587  -1.50588235]
[ 7.74410571  8.74485881 -0.84705882]
[ 4.64883434 11.61978056 -0.35294118]
[ 7.85457722 10.17549702  0.16470588]
[ 8.15586714  9.29791934 -0.94117647]
[ 8.22503274  7.64669087 -0.51764706]
[ 8.29781816  8.50513286 -1.64705882]
[ 8.32833632  7.37010693 -1.52941176]
[ 8.37706631  6.55539718 -2.07058824]
[ 8.47314354  7.82274733 -0.35294118]
[ 8.4765428   7.89555861 -2.09411765]
[ 7.84618023  9.05317537 -0.63529412]
[ 4.75033992 11.1961127   0.14117647]
[ 4.77878183 10.3690664  -0.28235294]
[ 5.15349024 12.02595612 -0.42352941]
[ 5.44456765 11.03091375  0.09411765]
[ 5.6254414  11.65464457  0.42352941]
[ 5.69955349 10.82284096 -0.35294118]
[ 5.75524582 11.10181134 -0.11764706]
[ 5.99610055  6.82332852 -1.17647059]
[ 7.12814545  7.79505089 -2.        ]
[-11.9509136    8.94724691  -0.25882353]
[6.14402828 8.63098658 0.77647059]
[ 6.19995825  8.32826683 -1.6       ]
[ 6.31901724  8.04610642 -1.85882353]
[12.45447665  5.03037341  0.44705882]
[ 6.42469671  8.50585583 -1.97647059]
[ 6.5043036   8.37161653 -1.29411765]
[6.50235569 9.79865132 0.25882353]
[ 6.8766969   8.67299207 -2.        ]
[ 6.07846857 10.80093829 -0.68235294]
