[ 0.74579017  3.02275983 -1.08346951]
[ 3.14744509  3.37285605 -1.23927894]
[ 3.21279027  2.70092283 -1.68690004]
[ 1.98390801  4.1147923  -1.29411765]
[-0.92793926  2.89604865 -2.03921569]
[ 9.65118023 11.26377824 -2.08235294]
[10.7389586  10.9151936  -2.12941176]
[11.44842714  9.89050113 -2.14117647]
[12.42725904 12.38970188 -2.08235294]
[-3.79634986 -7.42479674 -0.82352941]
[-2.70169333 -5.02345679 -1.34117647]
[ 1.47905079  4.65122108 -1.29411765]
[ 9.14767656 11.76939105 -2.16470588]
[10.04956355 11.19662589 -2.11764706]
[10.35399074 10.97541642 -2.04705882]
[12.22961864  9.0509329  -2.16470588]
