[-3.04581901  9.47523959 -0.58470754]
[ 1.12567195  3.08261916 -1.20354758]
[ 7.14341857  9.04323481 -0.93823529]
[ 5.47984738 10.24780761 -0.15729847]
[-8.21818177 12.10480433 -0.66182728]
[-8.43670417 11.93234319  0.18039216]
[-12.29260376   9.75700934   0.05325077]
[ 4.55153005 10.7686262  -0.33856209]
[-12.32745098  10.51147421   0.25743945]
[ 1.59212421  8.90419195 -1.41176471]
[-4.5807234  10.29541017 -1.94208145]
[-1.44242925  8.90500058 -1.99786096]
[ 1.52386607  8.03439579 -1.22139037]
[ 2.73101321 10.59618329 -0.38716578]
[-3.31342713 10.26927747 -1.39251337]
[-9.15744058e+00  8.99857720e+00  6.41711230e-03]
[-12.32919599  10.32559393  -1.85620915]
[-12.07767354  10.79682673  -0.77124183]
[ 2.49956482 11.65016492 -0.35588235]
[ 1.52816399 11.22071728  0.06386555]
[-7.08255804 11.03909087 -1.90196078]
[-12.40058267  11.30721496  -1.8627451 ]
[-9.53717202  9.51108775 -1.94901961]
[-12.25357692  11.7211032    0.50196078]
[ 6.68285479 11.12648059 -0.41176471]
[-4.21145071 11.11279177  0.33882353]
[ 1.43941298 11.38575582 -1.68470588]
[ 3.21160692 11.47276593 -0.44235294]
[ 4.4987792  12.30812323 -0.47529412]
[ 1.54083016 10.17962766 -0.25882353]
[-4.34887479 10.85209911 -1.2       ]
[-5.78726593 10.20685342  0.28823529]
[ 3.94739213 11.76485968 -0.44117647]
[ 4.79275817 10.13156518 -0.27058824]
[-8.74482617 10.10609038 -2.02352941]
[ 7.20506666  8.90748238 -0.92352941]
[ 6.00797856 11.36722147 -0.01764706]
[-11.11276253  10.29753345  -0.44117647]
[-4.19359492  9.8087291   0.27647059]
[-12.26449225  10.18518269  -0.48823529]
[-12.03915029   9.8046179   -0.96470588]
[ 1.40652047 10.0572386   0.24313725]
[ 0.96646186 11.01791488 -1.67058824]
[ 1.79361158  9.642709   -1.34117647]
[-3.66158061 11.44504702  0.28235294]
[ 1.82547059 10.70889645 -1.79607843]
[-10.99950341  11.15489339  -0.14117647]
[ 2.02138968 10.27500421  0.24313725]
[-3.90970489 11.17347897 -1.30196078]
[-11.98973986  11.21342739   0.2745098 ]
[ 3.10906251 12.38163669 -0.18823529]
[ 3.21562207 10.52388066 -0.53333333]
[-3.84089094 10.2917291  -1.60784314]
[-6.05659805 11.85997044  0.18823529]
[-8.36680969  9.58466132 -1.75686275]
[ 6.12723032 12.10830808 -0.43921569]
[-9.98868498 11.51464645 -0.10196078]
[ 0.55838184 10.24203651 -1.76470588]
[-4.35716114 10.23220846  0.35294118]
[-7.0855174  10.00178957  0.40784314]
[-10.45666855   8.88678476  -0.76078431]
[-7.85599587 11.37521907  0.48627451]
[-11.34645178   9.99923022  -0.15686275]
[ 7.66220657  9.57460891 -0.22745098]
[-7.46401953  9.58693706  0.47843137]
[-12.13472848  11.4291216   -0.99607843]
[-1.96218337 11.0346377   0.23529412]
[-11.67596403  10.37570695  -1.15294118]
[-3.16289373  8.42278474 -2.01176471]
[-3.21385548  8.93819197 -0.17647059]
[-4.22464236 10.60966348  0.32941176]
[-4.16009962 10.33914291 -1.27058824]
[-4.26633674 10.1905043  -0.12941176]
[-4.61039781 11.23774765  0.47058824]
[-5.4483609  11.29964014  1.01176471]
[-5.9725612  10.53432207 -0.64705882]
[-6.03895026 11.40948994 -0.95294118]
[-1.59757815 10.92502587 -0.01176471]
[ 8.10903065  9.11512023 -1.05882353]
[ 8.07555473  9.08749063 -2.14117647]
[-12.4975182   11.3390627   -1.29411765]
[ 6.55442944 10.16481526 -0.54117647]
[-12.41158752  11.06978369  -0.09411765]
[ 6.33497299  8.80536794 -1.03529412]
[ 6.25107943  8.44655024 -1.6       ]
[-12.41248961  11.86017923   0.07058824]
[ 5.74881208 11.72533243 -0.57647059]
[-11.58621153  11.1170841    0.69411765]
[ 3.21170179  9.8892899  -0.65882353]
[ 2.08377151 12.33646104 -0.48235294]
[1.82240745 9.99889537 0.30588235]
[-1.18911594e+01  1.06836065e+01 -1.17647059e-02]
[-11.80198894  10.10220164  -0.05882353]
[ 0.5880226   9.87814813 -1.49411765]
[ 0.13853318 10.90866703 -1.54117647]
[-0.34170261  8.8236233  -2.08235294]
[-0.77329359  8.68234217 -1.97647059]
[ 4.84723821 10.36516665  0.29411765]
[-8.94605391 10.18809585 -1.58823529]
[-9.65138363 11.95135388  0.12941176]
[-7.62163308 11.68299166 -0.45882353]
[-8.92312163 11.71207364  0.25882353]
[-7.06253743 11.63524413  0.56470588]
[-6.93885202 10.42200343 -1.68235294]
[-7.49091571 11.69860542 -0.96470588]
[-11.23170517   9.04869026  -0.52941176]
[-7.09840792 10.32195153  0.68235294]
[-7.44999248 11.47005822 -0.01176471]
[-3.05000521 11.6957116   0.09411765]
[-7.51345974 10.65220076 -1.62352941]
[-9.41003675 11.47024433  0.32941176]
[-9.44020563 10.51398684 -0.78823529]
[ 2.02972787  3.75468087 -1.85882353]
[-9.15548003 10.27505745 -1.97647059]
[ 2.1807319  11.10203664  0.18823529]
[-9.42325642 11.65143251 -0.75294118]
[-9.2505828  11.34844383 -0.44705882]
[-12.07300596  10.48093706  -0.28235294]
[-9.27045187 10.54742789 -1.88235294]
[2.97633027 9.3989025  0.49411765]
[ 2.60201159 10.8244476  -0.14117647]
[ 2.6772492  12.25469663 -0.25882353]
[ 2.17385826 11.74479008 -0.56470588]
[ 0.5453368  10.87337312 -1.81176471]
[-8.19503812  9.22397806 -2.16470588]
[-8.50524881 10.37981171 -1.95294118]
[ 1.09954054  9.77836083 -0.58823529]
[ 1.15372924 10.9549333   0.11764706]
[-8.62993677 11.47172826 -0.58823529]
[-11.72134412  11.49770423   0.        ]
[-8.72843637  9.40580299  0.35294118]
[ 1.90077838 11.67622231 -0.42352941]
[-8.74716723  9.60588256 -1.6       ]
[ 1.49992414 10.60158838  0.25882353]
[ 1.6484691  12.20296169 -0.58823529]
[-8.77052889 12.22722406 -0.8       ]
[-11.24416775  10.19652173   0.11764706]
[ 1.84587648 10.32461375 -0.4       ]
[ 3.2277614  11.97153004 -0.04705882]
[ 1.94685663  4.0940118  -1.48235294]
[-11.76969132  11.69669336  -0.61176471]
[-9.84506431  9.67978246  0.23529412]
[-10.09949243  12.24622757  -0.23529412]
[-10.29515012 -11.92010549  -2.02352941]
[-10.52978228  10.87678469  -0.14117647]
[-10.59931949  10.02736067   0.16470588]
[ 6.42511478  8.87143153 -0.65882353]
[-10.64890417  10.52495694   1.03529412]
[-10.77559556   9.73077111  -0.54117647]
[ 7.4699332   7.86924943 -2.        ]
[ 3.51948487 10.90244406 -0.47058824]
[ 7.52476741 10.19871333 -0.14117647]
[ 7.5803528  10.13023716 -1.43529412]
[ 7.65181308  8.42714174 -0.21176471]
[-10.8058061   10.59511618  -0.56470588]
[ 7.77230197 10.54500459 -1.36470588]
[ 7.9267874  11.24785198 -1.22352941]
[ 7.95305118 10.12553975 -0.70588235]
[-10.8289173   10.69671671  -0.07058824]
[-10.90273949   9.99746005  -0.28235294]
[ 7.47236414 10.19994449 -1.10588235]
[ 3.32290886 10.15205002 -0.49411765]
[ 0.52122234  9.75202596 -1.95294118]
[-12.14685588  11.60063365   0.02352941]
[ 4.02316455 11.17264877 -0.61176471]
[ 4.08089359  9.87645563 -0.32941176]
[ 4.0718807  10.09991156 -0.02352941]
[-12.17808143  10.00086542   0.56470588]
[-9.62406631  9.07594625 -1.48235294]
[ 4.39773502  9.77943667 -0.54117647]
[-12.4552834   11.80492733  -1.45882353]
[4.62380189 9.80395228 0.18823529]
[-12.21954598  11.86934508  -0.49411765]
[ 4.70148017 11.64589927  0.14117647]
[ 4.77987118 11.12292398  0.30588235]
[-10.97979387   9.52248951  -0.18823529]
[ 4.87385986  9.09510537 -0.68235294]
[ 4.90351436 11.55227483 -0.56470588]
[ 5.24623187  9.90584028 -0.65882353]
[-9.82797199 10.82330345 -0.16470588]
[ 4.39400391 10.17346072  0.32941176]
[-11.42233655  11.35006671  -0.42352941]
[-4.67344019 11.39807171 -1.2       ]
[-4.67288767 11.62386108 -2.16470588]
[-11.52542281   9.95366156   0.18823529]
[-11.33080833  10.80118482   0.58823529]
[-11.54444439   9.97633553   1.29411765]
[-4.42763591  9.37780977 -1.08235294]
[-7.29651045 12.1965471   0.61176471]
[-8.02157168 11.3557757  -0.84705882]
[-7.30375176 10.30456122 -2.07058824]
[-7.32193312 12.14595557 -1.17647059]
[-7.34785524 11.22562547  0.18823529]
[-7.42453548 10.92481647  0.63529412]
[-3.90512895 10.6965469   0.21176471]
[-3.81994828 10.60515421 -0.35294118]
[-3.73098555 11.00303742 -0.18823529]
[-7.44654455 11.02063324 -0.35294118]
[-11.5729507   10.78023091  -0.82352941]
[ 8.10265953  9.45514329 -1.78823529]
[-6.76975255 10.92937251  0.21176471]
[-6.68058728 10.39877149 -0.70588235]
[-6.6449865  10.2227908  -0.28235294]
[-6.65273409 10.42060961 -1.97647059]
[-6.59421593  9.84635306  0.8       ]
[-6.5708064   9.65490257 -0.8       ]
[-6.57241591 10.898345   -0.70588235]
[-6.44948528 11.35127316 -1.05882353]
[-4.74899585  9.64884761  0.02352941]
[-6.35128803 10.97199589  0.4       ]
[-6.32640106 11.01961539 -0.37647059]
[-6.87926571  9.97269529 -0.42352941]
[-6.96978542 10.04451762 -2.02352941]
[-5.98059185 11.37586713 -0.09411765]
[-5.699047   10.52753087 -0.91764706]
[-7.09765583 10.77478911  0.        ]
[-5.55324203 11.82833496 -0.25882353]
[-4.80057466 10.59452781  0.32941176]
[-6.42403253 10.45337856 -1.74117647]
[-1.24484651 11.15220844  0.28235294]
[-0.8726595   8.1042918  -2.04705882]
[-7.77127336 11.97833427  0.28235294]
[-0.75326101 10.29856975 -0.23529412]
[-0.70110203 11.19602938 -0.91764706]
[-0.70335883 11.2795054  -1.71764706]
[-7.77174091 10.49669399 -1.78823529]
[-0.42870564 11.04717521 -1.81176471]
[-3.62330608  8.2304573  -2.        ]
[-0.10587811 11.25068777  0.11764706]
[-7.95482073  9.77297121 -1.31764706]
[ 0.17998684  9.98027834 -1.55294118]
[ 0.27186447 10.09573569 -0.63529412]
[ 0.37815333  9.47621229 -0.44705882]
[ 0.40052824 10.85007687 -0.42352941]
[ 0.45058393 10.61963909  0.14117647]
[ 0.45566602 11.17348425  0.14117647]
[ 0.50562158 10.92274272  0.30588235]
[-0.17171755  9.95596449 -1.43529412]
[-3.59762794 10.29918502 -0.21176471]
[-3.46982261 11.39585551 -1.6       ]
[-3.35360057 10.84930712 -1.76470588]
[-7.44588558  9.71913692 -0.21176471]
[-3.09605903  9.30117291 -0.61176471]
[-3.07469424  8.90184191 -2.04705882]
[-2.90257785  8.52126338 -1.15294118]
[-2.85524978 11.1545599  -0.02352941]
[-1.29596443 11.17762413 -1.55294118]
[-2.52366205 11.42071964  0.28235294]
[-2.05528768  8.77876266 -1.74117647]
[-1.92050012  9.25552582 -1.01176471]
[-11.60441783   9.94943589   0.77647059]
[-1.82452374  9.69507952 -1.95294118]
[-1.77845642 11.43087149 -0.23529412]
[-1.67071467  7.65153583 -2.14117647]
[-1.6455219  11.25299992 -0.54117647]
[-7.65024469 11.77081135  0.63529412]
[-2.77798734  8.35251467 -0.44705882]
