[ 1.21626166  3.0650146  -1.14968386]
[10.72661728 -3.35497605 -2.06268523]
[11.46426912 -6.17648009 -2.03933824]
[11.73492851  6.5482045  -2.07549872]
[10.95551424  3.34019697 -2.07546628]
[12.05468142 11.36778038 -2.05758514]
[ 9.60554583 -2.89481673 -2.06102941]
[10.17095608 -0.9658725  -2.08144796]
[12.42446331 -2.32260782 -1.98941176]
[10.10779248  1.5082151  -2.07394958]
[ 9.47195727  3.92278367 -2.05791855]
[ 9.104947   -0.71300189 -2.10457516]
[ 8.72932583 -5.45176256 -2.07843137]
[ 8.57930187 -8.38763893 -2.08366013]
[ 12.30017143 -11.41009504  -2.04117647]
[10.51486148 -9.82272627 -2.11428571]
[ 9.15675042 -7.8407006  -2.07529412]
[10.05026486  6.99778522 -2.1       ]
[ 12.33457884 -12.22995341  -2.07647059]
[ 9.18388183 -4.4407528  -2.04117647]
[10.25782231  0.56227808 -2.11176471]
[ 9.08121682  2.55365526 -2.08823529]
[ 8.03337914 -1.94337259 -2.08235294]
[ 9.10633402  5.30656534 -2.10196078]
[  9.99630292 -10.24837809  -2.04705882]
[ 8.5994493   3.69883483 -2.07058824]
[ 8.0670485   4.72690434 -2.11764706]
[ 9.18317557 11.76489447 -2.10980392]
[ 7.96744241 -7.31076585 -2.11764706]
[ 8.85027603  5.78413665 -2.11764706]
[ 1.97664951  4.18483712 -1.49019608]
[  9.77752612 -10.82251437  -2.10196078]
[12.34322893  9.4159385  -1.99215686]
[ 7.4739334  -5.53978948 -2.15686275]
[ 8.01860344 -9.79182296 -2.10196078]
[ 9.59650782  7.37678018 -2.12941176]
[ 12.41521009 -10.87810865  -2.05882353]
[ 9.05050304  1.93575912 -2.02352941]
[ 9.16596908  1.45850649 -2.05882353]
[ 9.23691985 -0.09031204 -2.15294118]
[ 9.2592829   0.57811273 -2.12941176]
[ 9.29873181  7.93868305 -2.08235294]
[ 8.93545478 -1.63784002 -2.10588235]
[ 8.76005008 -2.82657925 -2.05882353]
[ 8.71520532 -2.39023204 -2.08235294]
[ 8.48397576 -4.22447583 -2.09411765]
[ 8.48999187 -5.96196583 -2.07058824]
[ 7.52946326 -7.62591529 -2.09411765]
[ 8.38614676  0.46304389 -2.09411765]
[ 8.37779138 -0.37739382 -2.09411765]
[10.16192372  2.55226974 -2.10588235]
[ 3.35163609  3.5031512  -2.04705882]
[ 7.89897926 -2.63654537 -2.08235294]
[ 1.89469567  4.1020959  -1.12941176]
[ 5.52713336 -2.72444981 -0.94117647]
[ 3.40308134  3.10033897 -1.85882353]
[ 9.97189318  2.82026698 -2.04705882]
[  9.72773393 -11.34768583  -2.09411765]
[ 5.20545565 -4.92116783 -1.95294118]
[ 9.67754337  7.72824552 -2.09411765]
[ 0.47777586  2.69847158 -1.90588235]
[ 5.87210976 -1.1705105  -0.96470588]
[ 6.32638355  4.1450253  -2.11764706]
[ 6.6232731  -5.5786332  -2.09411765]
[ 6.79418677 -9.41990063 -2.09411765]
[ 6.82210051 -5.05254201 -2.16470588]
[ 7.17201508  4.77894007 -2.04705882]
[ 7.44406495 -6.04854032 -2.04705882]
[ 7.4498331  -4.07046746 -2.04705882]
[ 7.67159766 -3.42457005 -2.11764706]
[ 7.76913963 -0.71945921 -2.09411765]
[ 7.89782159  2.7489434  -2.14117647]
[12.45107609 -9.22045467 -1.97647059]
[ 8.06948602  2.05375522 -2.07058824]
[ 8.12002175 -3.75474609 -2.14117647]
[ 8.2058501   7.07019724 -2.16470588]
[ 8.37583381 -0.82928454 -2.07058824]
[ 8.39458487  0.026508   -2.11764706]
[ 8.42565821 -6.57066425 -2.09411765]
[ 8.52950794 -3.27548438 -2.02352941]
[ 8.74588174 -0.1724726  -2.18823529]
[  8.82114052 -12.40403645  -2.09411765]
[ 8.92747031 -1.92767022 -1.97647059]
[  9.1510901  -12.20015767  -2.16470588]
[ 9.22009869 -7.35217834 -2.07058824]
[ 7.92077553 -5.0752641  -2.09411765]
