[ 1.02573575  3.11107807 -1.09218901]
[11.24495992  0.14801233 -1.97914668]
[10.06533829  0.16390936 -2.02651363]
[ 9.22658064  0.01646081 -2.03007673]
[ 3.18106322  2.73122419 -1.58488937]
[ 8.26240172  1.1758813  -2.05897245]
[11.67515903  8.8099887  -1.95861091]
[ 12.18607821 -11.26078906  -2.05073529]
[10.36671507 11.79639706 -2.02875817]
[ 8.10371433  5.82853654 -2.05392157]
[12.29493165 -8.92273533 -1.99117647]
[ 7.81104409 -4.69607303 -2.07058824]
[ 7.71871858  1.87552697 -2.03333333]
[12.42429154 -7.76774171 -1.95058824]
[10.29460461 -9.79957488 -2.09117647]
[ 7.52398229  3.0008718  -2.07647059]
[ 8.4010544  -5.81207329 -2.08403361]
[  9.67585202 -10.58679467  -2.07843137]
[ 8.57815784 -9.15125005 -2.11764706]
[12.42962296  6.27434335 -1.91058824]
[ 6.82063116  4.24290749 -2.07647059]
[ 8.22083417 11.33281019 -2.08823529]
[ 7.78599921  1.02917306 -2.14117647]
[12.42045975 -6.75880008 -1.92941176]
[ 6.60620253  4.76575445 -2.04705882]
[ 6.46125692 -2.12474101 -2.05490196]
[ 1.80255428  4.082126   -1.05098039]
[ 6.63410486  1.44857173 -2.07843137]
[ 8.07422013  0.44796334 -2.07058824]
[ 7.95193896 -0.60913683 -2.03921569]
[ 6.95685869  1.99686178 -2.07058824]
[  9.56457522 -11.88818753  -2.15294118]
[ 8.03499404 -1.20149096 -2.        ]
[  9.76084823 -11.43577016  -2.14117647]
[ 7.52450279  0.31128862 -2.05882353]
[ 7.4755913  -3.80062522 -2.12941176]
[ 7.26392325 -5.85215069 -2.10588235]
[ 7.13505774 -6.26218195 -2.08235294]
[ 6.27376328  0.34874285 -2.11764706]
[ 9.84917846 -6.15495523 -2.07058824]
[ 6.0750816   3.29640864 -2.07058824]
[10.1804872  -9.0235749  -2.18823529]
[10.47033339 -7.35087948 -2.07058824]
[ 6.00437726  2.75012944 -2.        ]
[ 6.42222208 -2.52802129 -2.07058824]
[ 5.44994694 -4.84776684 -2.11764706]
[-0.97196349  2.89785335 -2.09411765]
[  9.19670729 -12.07351209  -2.07058824]
[ 6.56940145 -3.44721038 -2.16470588]
[ 8.1955673  -6.44704888 -2.09411765]
[ 8.20137486 -9.97582179 -2.16470588]
[ 7.84620576 -1.9804209  -2.02352941]
[ 7.77721514 -2.29892974 -2.        ]
[ 6.75472773 -7.25518486 -2.16470588]
[ 7.57644205 -7.42743523 -2.09411765]
[ 6.95402231 -3.54584468 -2.07058824]
[ 7.51957325 -3.05347276 -2.16470588]
[ 7.42839457 -1.29904181 -2.02352941]
[ 6.94823072  2.74877063 -2.16470588]
[ 7.35544541  0.95112942 -2.07058824]
[ 7.24889649 -1.82889607 -2.07058824]
[ 7.1504225  -1.20098841 -2.14117647]
[ 7.12240752 -2.52798615 -2.11764706]
[12.45390195 -9.97828701 -1.95294118]
