[-7.80125815  6.28105913 -0.85020674]
[ 1.15701311  3.07290959 -1.20335402]
[-8.81218509  8.78187448 -0.81613445]
[-6.77334682 10.6833575  -0.51072664]
[-4.58457601  9.10831961 -0.15843137]
[-2.27099066  9.69548467 -1.38991597]
[-2.01755773  9.02339376 -1.48597285]
[-12.00767313   5.14491396   0.03257919]
[-9.50581986  7.38947792 -0.57254902]
[-3.80939136  9.7008495  -0.11764706]
[-7.62353749  8.06183882 -1.40168067]
[-8.87147681  5.83657403 -1.14285714]
[-5.92137093 11.73259863 -1.85098039]
[-3.14187819  9.78471505 -0.19607843]
[-8.86632635  9.75202151 -0.84313725]
[-10.17122212   6.38636642  -0.17882353]
[-4.18412989 11.05147897 -1.36      ]
[-7.54538284  9.45719568 -0.82941176]
[-9.6108541   4.66123835 -1.61764706]
[-9.80474031  8.35499894 -0.74117647]
[-7.99937125  8.65696635 -1.4       ]
[-8.87926378  9.24949764 -1.37058824]
[-7.18091322  8.79318834 -1.78823529]
[-9.57860482  7.08194397 -0.18823529]
[-8.54182153  7.96987819 -0.85490196]
[-6.62864482  8.75072833 -1.56078431]
[-10.432156     6.76781239  -2.0627451 ]
[-6.51910689 10.38977012 -1.28627451]
[-9.39392721 10.55497494 -1.6       ]
[-7.07114632  9.29543656 -1.33333333]
[-6.22891165 10.34851381 -1.01176471]
[-5.24634152 12.29253388 -1.69411765]
[-8.04298499  7.48310259 -1.85098039]
[-7.72615217 10.52181715 -1.08235294]
[-11.83028803   4.60247935   0.54901961]
[-11.98932787   5.25906207  -2.02352941]
[-7.67287939  7.47423504 -1.21568627]
[-7.15537428 11.32388837 -0.32941176]
[-12.41514301   3.69119642  -1.9372549 ]
[-12.45746284   2.71760401   0.56470588]
[-8.31779075 11.27672126 -0.0627451 ]
[-8.35165909 11.15053252 -0.76862745]
[-7.62780466 10.30934477 -0.36470588]
[-7.46008213  6.43831731 -1.94117647]
[-9.33514711  7.128874   -2.        ]
[-6.18422569  8.88422556 -0.34117647]
[-6.03644424  8.51612405  0.51764706]
[-7.37617567 10.06974898 -0.87058824]
[-7.96132381  7.90800641 -0.84705882]
[-9.09278329  5.01337661 -0.98823529]
[-9.06293688  6.23933055 -0.71764706]
[-8.11561047  6.14985396 -1.44705882]
[-7.38438354  7.86599267 -0.90588235]
[-7.38973712  9.98554543 -0.29411765]
[-6.5509779   7.68794531 -2.10588235]
[-8.92666184  8.23648944 -1.12941176]
[-7.07152577  9.1859369  -0.18823529]
[-6.73956398  6.92974212  0.52941176]
[-8.51067971  8.89817552 -1.29411765]
[-7.48760582  8.94734108 -0.44705882]
[-11.17448903   4.30787791   0.50588235]
[-10.68573473   3.84805398   0.74117647]
[-11.2726451    5.08789148  -0.54117647]
[-11.76312496   5.13852728  -0.68235294]
[-12.13736775   3.26329846  -1.70588235]
[-12.20267237   5.37776725  -1.25882353]
[-10.51255506   3.03661529   0.27058824]
[-4.98899614 11.88948992 -1.65882353]
[-5.2631579  11.36321021 -1.70588235]
[-10.17281083   3.55930107   0.25882353]
[-5.39806597 12.41755649 -1.31764706]
[-10.17574381   6.84948921  -0.08235294]
[-11.17634787   5.24856239  -0.05882353]
[-3.19740745  9.88977374 -1.96470588]
[-6.07452492 12.19854516 -1.85882353]
[-12.39954604   4.81055546   0.64705882]
[-9.76137647 11.15068546 -1.32941176]
[-12.45048584   3.59807238  -0.31764706]
[-9.56525747  8.88540282 -1.25882353]
[-5.72391944 11.55118608 -1.01176471]
[-7.12473702 10.39659804 -0.72941176]
[-7.15456648  8.59820797 -1.52941176]
[-7.17713934 11.75202365 -0.21176471]
[-7.20365457  9.7208042  -1.43529412]
[-4.42881854 12.17392028 -1.67058824]
[-4.14633858  9.27579913 -0.4       ]
[-2.45524467 11.24791793 -1.45882353]
[-3.82227862  9.77783586 -0.61176471]
[-7.45358295  8.85377862 -0.72941176]
[-7.44929125 12.35302062 -0.54117647]
[-3.19807898 10.27499927 -1.90588235]
[-7.45304088 10.80206085 -1.15294118]
[-3.62489014  8.14750483 -2.07058824]
[-3.69419338  8.79519306 -1.2       ]
[-4.12457247 11.57202099 -1.50588235]
[-6.00457239  8.99726169  0.16470588]
[-5.81981114 11.9455059  -1.2       ]
[-6.07348594  8.00532331 -2.04705882]
[-6.22377608 10.3781223  -1.43529412]
[-5.57827725 11.07306369 -0.98823529]
[-5.4965733  10.6193255  -1.15294118]
[-6.35182605  9.04649393 -0.72941176]
[-5.45189661 11.82854121 -0.96470588]
[-6.49426806 10.97480876 -1.17647059]
[-6.51921721  9.1043099  -2.11764706]
[-5.20525383  6.91925078 -0.49411765]
[-7.50423994 11.30546196 -0.72941176]
[-5.03087804 11.55555494 -1.34117647]
[-6.80036791 10.33019376 -0.94117647]
[-6.93039771  7.92244257 -0.61176471]
[-6.92422845  7.55566954 -2.04705882]
[-7.00166533 11.12417517 -1.12941176]
[-7.0478936  11.62688061 -0.82352941]
[-4.97182972  9.52541076 -0.25882353]
[-7.07604796 11.95196512 -0.98823529]
[-4.92507033 12.02086998 -1.12941176]
[-4.89760497 11.44894244 -1.74117647]
[-4.85412849 10.3499488  -2.02352941]
[-7.09920872 10.10279336 -1.12941176]
[-6.74407276  8.60353495 -0.30588235]
[-10.97524588   5.17704048  -2.09411765]
[-10.64827424   2.98062768  -0.70588235]
[-10.62618027   5.6254487   -1.90588235]
[-10.55577549   4.90096369  -1.88235294]
[-10.5288849    5.85452369   0.70588235]
[-10.34854101   7.87230912  -1.34117647]
[-10.27174358   4.99691513  -0.91764706]
[-10.22868939   5.52666259  -2.11764706]
[ 1.94588595  4.07876681 -1.48235294]
[-10.02783698  11.00599588  -1.36470588]
[-9.83016635  8.57261931 -0.98823529]
[-9.74944198 12.42077642 -1.62352941]
[-9.73042762 10.77628861 -1.6       ]
[-9.70307209  6.7249205  -0.89411765]
[-9.59752144  4.54970764 -1.31764706]
[-9.55247228  4.98048368 -1.71764706]
[-9.52513009  6.33091918 -1.29411765]
[-10.01945191   3.92068296  -0.91764706]
[-12.47732446   5.32188935  -0.37647059]
[-12.44472126   5.50243524   0.32941176]
[-12.42093213   3.62843396  -0.68235294]
[-12.41928855   4.50421963  -0.54117647]
[-12.37843551   3.70292423  -1.57647059]
[-12.25328419   2.67346637  -0.02352941]
[-12.24462219   4.75471056   0.16470588]
[-12.25542296   5.45306022  -2.02352941]
[-11.04970847   3.82591167  -1.2       ]
[-12.14768409   3.02463003  -2.        ]
[-11.944501     3.39637414  -1.34117647]
[-11.89547869   4.47151326   0.87058824]
[-11.75338735   5.22117692  -1.05882353]
[-11.54890322   3.87604038   0.75294118]
[-11.41946165   4.62836361  -0.54117647]
[-11.20278421   4.70572509  -0.30588235]
[-11.09762276   3.20492116   0.61176471]
[-12.22991486   3.4504643   -1.03529412]
[-8.47639891 11.44944213 -1.41176471]
[-8.40355949  6.4800654  -1.62352941]
[-8.40079887  9.19841937 -1.6       ]
[-8.39932065  9.30045734 -1.29411765]
[-8.39944482 12.41980427 -0.09411765]
[-8.3286491   8.22768181 -1.97647059]
[-8.32547046 11.45191306 -0.89411765]
[-8.27415053  8.12791635 -1.22352941]
[-9.32846867 12.24818743 -1.64705882]
[-8.20475465  8.12484906 -0.44705882]
[-8.19921819  9.15130979 -0.77647059]
[-7.92596007  8.52485145 -0.75294118]
[-7.84725263  7.95309568 -0.47058824]
[-7.79579046 10.5719134  -0.58823529]
[-7.7205469   7.34916473 -1.64705882]
[-7.60217151  6.97924576 -2.07058824]
[-7.54908124  7.92314903 -0.65882353]
[-8.24438488  7.60352234 -0.42352941]
[-9.29420802  6.25420942 -1.90588235]
[-9.2268647   5.17963436 -1.2       ]
[-9.19558474  5.25410861 -2.04705882]
[-9.12945655  7.03017598 -0.68235294]
[-9.09840774 11.67746432 -1.62352941]
[-8.99580401  5.9206024  -1.6       ]
[-8.94636056  7.57449951  0.        ]
[-8.93049408  7.64617792 -0.65882353]
[-8.55280714 11.99544491  0.30588235]
[-8.85137095  8.74474004 -1.01176471]
[-8.83048722  5.27035574 -1.2       ]
[-8.82054148  9.62691898 -1.64705882]
[-8.81961655 12.12546563 -1.67058824]
[-8.77136461  5.5246133  -1.97647059]
[-8.72297732 10.69878911 -1.38823529]
[-8.69831309 12.13082002 -0.91764706]
[-8.548113   11.67893209 -1.08235294]
[-8.84709136  5.70499689 -0.4       ]
