[ 1.00720899  3.11293352 -1.15249321]
[ 3.16062311  2.7222342  -1.67631579]
[-4.192365   -4.48645384 -1.76126255]
[-7.42396303 -9.51007913 -1.9254902 ]
[-0.92625487  2.89303218 -2.03137255]
[ 2.02701738  3.77666039 -1.85882353]
[10.01123077 11.71627826 -2.15294118]
[11.74836854  9.2606887  -2.14117647]
[-2.89679641 -5.37117899 -0.91764706]
[ 1.90369143  4.09579271 -1.2       ]
[ 3.07978969  3.67657442 -0.98823529]
[ 9.54769668 12.37301401 -2.16470588]
[10.37875261 11.52345599 -2.14117647]
[10.75458601 11.34476863 -2.16470588]
[11.14543142 10.82243061 -2.18823529]
[11.27997558 10.35014    -2.14117647]
