[ 0.70914181  3.08001324 -1.08754235]
[ 3.07016666  3.44857091 -1.23538899]
[10.81967321 -2.08258712 -2.05803109]
[ 3.1557436   2.76478315 -1.63299233]
[11.82759505 -4.80691851 -2.02203332]
[11.88193721  5.17852828 -2.04431373]
[10.58680344  4.497732   -2.06117647]
[ 9.59046093 -2.79975506 -2.06705882]
[10.05654443 -0.7383711  -2.05944272]
[10.09639779  0.74248628 -2.04033613]
[ 9.34723243  3.88219363 -2.03257919]
[12.11759033  7.84994216 -2.10196078]
[10.06354061  1.94948682 -2.0627451 ]
[ 8.43030012  3.61547414 -2.06722689]
[12.21770685 11.82919697 -2.08067227]
[10.75984638 -9.15373454 -2.11764706]
[12.42473067  1.87342413 -2.04033613]
[ 8.55739772 -3.00348022 -2.08067227]
[ 8.83296377 -8.17916135 -2.09019608]
[ 8.9197046   5.00312142 -2.05098039]
[ 9.70325437 10.75340601 -2.10980392]
[ 9.24660367 -4.93715129 -2.08941176]
[11.17390404  8.91954704 -2.08941176]
[ 8.83027429 -1.91737725 -2.07058824]
[ 9.92576889  2.94519882 -2.1       ]
[11.91396228 12.37639506 -2.13529412]
[10.89833041  6.13807994 -2.12352941]
[ 9.2364612  -0.19795995 -2.09411765]
[ 9.10208544 11.20031394 -2.09411765]
[ 8.65925439 -5.95170377 -2.11764706]
[ 9.20524085  1.67761184 -2.10196078]
[10.06763077  9.65780356 -2.11764706]
[ 8.08953971 -4.63231552 -2.0627451 ]
[ 9.80794492  8.12588175 -2.11764706]
[ 8.27607733  1.38538406 -2.13333333]
[  9.88741723 -11.12211006  -2.14117647]
[ 8.20121791 -1.54084037 -2.02352941]
[ 10.47643977 -10.37203975  -2.10588235]
[10.71207175  9.62847396 -2.09411765]
[11.59098259  8.68484081 -2.11764706]
[12.38431682 11.22497115 -2.14117647]
[ 1.81159827  4.11078524 -1.05882353]
[ 8.99744227 11.81426516 -2.16470588]
[ 1.91274403  4.22323372 -1.52941176]
[ 8.77475406 -9.10244544 -2.17647059]
[ 7.93947385  4.54042006 -2.07058824]
[ 8.12506495  4.22164729 -2.07058824]
[ 8.13666889 -6.42333307 -2.10588235]
[10.17106773  3.84422446 -2.07058824]
[10.37511479 10.14997357 -2.14117647]
[ 7.64863918  1.42094581 -2.04705882]
[10.44625169  7.17070316 -2.09411765]
[ 7.64924396 -7.8253574  -2.07058824]
[ 7.63080514 -3.44961706 -2.04705882]
[ 7.54929391 -1.67958319 -2.07058824]
[ 7.14760525 -8.39708128 -2.18823529]
[ 10.17994886 -10.90450921  -2.09411765]
[10.92654852  9.27182961 -2.09411765]
[ 7.00477147 -6.79636372 -2.16470588]
[11.12137865  4.87315448 -2.11764706]
[ 6.85258013 -1.62185614 -2.09411765]
[11.32093843  8.40260222 -2.09411765]
[ 6.62216367  0.1270728  -2.14117647]
[ 6.62338775 -1.82757399 -2.18823529]
[ 2.37989415  3.44708935 -2.02352941]
[12.29744698  0.90005023 -2.09411765]
[ -9.5444948  -12.02389035  -0.02352941]
[10.71941165  9.92391114 -2.11764706]
[ 8.82350771 -5.45535108 -2.04705882]
[ 8.91948847  1.15520379 -2.09411765]
[ 8.98000376 -1.02220767 -2.04705882]
[12.44845983  6.77400965 -2.09411765]
[ 8.80176034 12.10327713 -2.14117647]
[ 9.02627318  2.54683436 -2.09411765]
[ 9.07628836  5.77581153 -2.09411765]
[ 9.10088792 -0.67962715 -2.07058824]
[ 8.60334804 -3.85272613 -2.11764706]
[ 9.14416217  0.67036186 -2.11764706]
[ 7.77005548 -5.30307177 -2.14117647]
[ 8.35104306 -4.14546449 -2.16470588]
[ 8.26986258 -7.02740847 -2.11764706]
[ 9.31927877  2.15269161 -2.16470588]
[ 8.2208284   1.97529756 -2.14117647]
[ 8.1528774  -7.55015655 -2.07058824]
[ 8.12316549 -0.77000465 -2.16470588]
[ 8.02266566 -2.22311177 -2.09411765]
[ 7.92695324 -2.70152649 -2.04705882]
[ 7.80481215 -1.01981934 -2.14117647]
[ 10.14559275 -11.64955377  -2.18823529]
[ 8.54634083 -2.32079467 -2.11764706]
