[-6.63494292  6.7413048  -0.70486903]
[ 0.76385808  3.07996927 -1.15392312]
[-0.71345779  9.9711969  -1.19393888]
[ 3.14395657  3.17403085 -1.49522876]
[-12.13114033   3.31078435  -1.57580466]
[-6.23314136  8.63923015 -0.17326203]
[ 0.6383854  10.95705564 -1.88235294]
[-7.8527432   7.42241684 -1.81437908]
[-7.72255968  6.76332579 -1.67581699]
[-3.39214824 10.34662363 -0.09934641]
[-6.3727147   9.24284054 -0.31932773]
[-1.36661414 11.96652693 -1.01176471]
[-5.15981991 10.01978417 -0.38039216]
[-5.00524389  8.71073517 -1.87764706]
[-5.92435673 10.9878355  -0.26352941]
[-10.62028187   6.01146254   0.64470588]
[-9.41747145  7.60455965 -1.05882353]
[-11.27468324   6.04313696   0.35294118]
[-4.37828323 10.05655545 -0.97882353]
[-1.24342942 11.3182338  -1.68941176]
[-1.38184631 11.32066225 -0.79529412]
[-10.31400311   5.82316477  -1.76      ]
[-6.3434542   7.72732588 -1.44117647]
[-5.75851317 12.04303361 -1.1       ]
[-1.32479216 11.87602675 -1.61764706]
[-2.07191511 10.05678008 -2.0627451 ]
[-6.02647163  9.30320524  0.26666667]
[-5.6251635   9.17632435 -0.51764706]
[-1.88075462 12.15714531 -1.68627451]
[-5.45737966 10.66766358 -0.30588235]
[-3.29986248 10.91568077 -0.26666667]
[-6.74916589  6.9528437   0.28235294]
[-7.29075929  6.05859843 -2.04705882]
[-5.12342839 10.57545132 -1.12156863]
[ 0.34961305 10.74913505 -1.55294118]
[-8.62455388  4.87669368 -0.28235294]
[ 0.82476019  9.25089871 -1.48235294]
[-9.71544075  7.36304008  0.10196078]
[-9.86586041  7.63184735 -1.55294118]
[ 1.96562686  4.23011471 -1.60784314]
[-11.31354286   6.35294642   0.32941176]
[-12.39984585   6.65920812   0.56470588]
[-1.373249   12.40102863 -1.62352941]
[-8.20935834  6.99688703 -1.94117647]
[-12.1143202    4.76350124  -0.85882353]
[-6.52441356  7.47824482 -0.69411765]
[-1.7344787  11.02642862 -1.62352941]
[-6.61169468 10.17827646 -0.55294118]
[-12.03850695   6.31313092   0.96470588]
[-5.70058176  9.94576489 -1.09411765]
[-2.45258335 10.22269078 -1.35294118]
[-7.26060014  7.50904709 -1.65882353]
[-6.73755712  8.50148853 -0.52941176]
[-4.66121858  9.65753949  0.09411765]
[-7.09937646  6.99778293 -1.94117647]
[-3.41605706  9.94851856 -1.44705882]
[-6.99468431  7.60120666 -0.91764706]
[-3.98750685  8.27812412  0.67058824]
[-6.92541616  7.53404411 -1.50588235]
[-7.3109618   6.48673444 -1.63529412]
[-0.42305761 11.77560983 -1.21176471]
[-10.43745729   5.13695217  -1.90588235]
[-6.16205707 11.83461033 -0.45882353]
[-6.13783962 10.07713546 -0.41176471]
[-11.14678863   6.5735899   -0.88235294]
[-6.23810196 12.44651459 -0.82352941]
[-12.38617254   4.63718914  -0.92941176]
[-12.4264251    4.49810894  -1.44705882]
[-10.49864858   6.43482888   0.47058824]
[-9.45049871  7.96518463 -1.44705882]
[-9.25013306  7.79879919 -0.50588235]
[-6.39790831  8.91296164 -1.97647059]
[-4.62130315 10.35170968 -1.36470588]
[-4.58091908 11.80302981 -1.17647059]
[-4.7527693  10.27792374  0.07058824]
[-5.92568586 11.46924851 -0.32941176]
[-11.3283221    5.22805118  -0.25882353]
[-11.55315165   6.65239209  -1.31764706]
[-4.82369439  8.72849622 -0.94117647]
[-4.37253787 10.39936479 -0.54117647]
[-5.85414397 12.35422541 -1.48235294]
[-4.92769244 10.32781906 -1.08235294]
[-5.05421542 11.97884377 -1.03529412]
[-11.49776157   5.13082855  -1.24705882]
[-5.15509863  9.77871396 -0.07058824]
[-5.82396258 10.59773922 -0.54117647]
[-5.72612717  7.95531269 -0.8       ]
[-5.72786985  8.34664339 -1.36470588]
[-11.4498511    5.97961888  -0.30588235]
[-11.41985931   5.46990757   0.09411765]
[-11.40082468   5.67353966   0.4       ]
[-5.72575526  8.5049944   0.28235294]
[-5.67624384  8.74940472 -0.28235294]
[-4.94528211  9.46935638 -0.25882353]
[ 1.8954345   4.1231453  -1.08235294]
[ 0.71943719 11.3747993  -0.30588235]
[ 0.70501232 11.34553405 -1.74117647]
[-12.44557477   5.15502068  -1.95294118]
[ 0.39704367 11.62918965 -1.78823529]
[-0.42070821 10.96993519 -1.88235294]
[-0.61989501 11.62305836 -0.49411765]
[-0.70453142 12.16921363 -1.41176471]
[-0.77896831 11.17833212 -1.85882353]
[-12.42176363   4.87436853  -1.64705882]
[-0.92847028 12.40131656 -2.07058824]
[-0.91980694 11.80438014 -1.08235294]
[-1.04726657 11.16907467 -0.91764706]
[-1.05438894 10.55075707 -1.03529412]
[-1.16992632 11.07819805 -1.38823529]
[-5.92446529  7.63013685 -1.50588235]
[-4.32994392  9.77337594 -1.38823529]
[-3.74672812 10.70350693 -0.07058824]
[-3.57729887 10.29965759 -1.22352941]
[-11.57789211   6.32387311   0.65882353]
[-11.74597575   6.07718902   0.56470588]
[-2.899339    9.57459374 -2.02352941]
[-2.52165594  9.75066396  0.23529412]
[-1.45173927 11.42747467 -1.17647059]
[-2.32773186  8.59418601 -0.58823529]
[-11.89927785   5.27300977  -1.22352941]
[-2.28044673  9.80527693 -1.45882353]
[-11.97097356   6.34870789   0.37647059]
[-1.77968101 12.29585711 -0.96470588]
[-1.54706222 11.87718439 -0.42352941]
[-12.1988425    5.62154437  -1.48235294]
[-12.37374139   4.3697331   -1.83529412]
[-2.39437023  7.39403064 -0.47058824]
[-8.72248199  4.54635466 -1.36470588]
[-10.67325439   6.7973309    0.14117647]
[-8.42198122  7.52552389 -1.64705882]
[-10.67147367   5.19860958  -0.04705882]
[-8.12533002  7.05565128  0.09411765]
[-8.05349313  5.19760474 -1.17647059]
[-8.02537549  8.15180139 -1.64705882]
[-12.4956444    5.57628887  -0.30588235]
[-10.69954202   6.39421419  -0.09411765]
[-7.8994449   7.03046196 -0.61176471]
[-7.59725859  7.34730679 -0.61176471]
[-7.60196922  7.77015896 -1.52941176]
[-7.57020003  7.64914689 -2.16470588]
[-7.55394201  8.45070626  0.07058824]
[-7.39846595  5.70070992  0.14117647]
[-10.73053582   6.55220919  -1.85882353]
[-8.00463184  5.40593807 -2.11764706]
[-10.45475654   6.92206016  -1.81176471]
[-10.37573866   5.77649075  -0.68235294]
[-10.30531789   7.14708559  -0.30588235]
[-10.29937371   7.80212466  -1.71764706]
[-10.2725065    6.55349897  -1.78823529]
[-10.2493246    6.74793509   0.44705882]
[-10.20503355   5.80538184  -0.94117647]
[-10.1477642    7.08084865   0.63529412]
[-8.74814665  7.95547133 -2.14117647]
[-10.56945153   7.24884548   0.72941176]
[-9.97841466  5.02290005 -0.84705882]
[-9.89621638  8.1546452  -1.31764706]
[-9.87591616  4.02437044 -2.04705882]
[-9.85469487  6.97827007  0.75294118]
[-10.59640467   7.24913063  -0.4       ]
[-9.62920791  6.57950509  0.72941176]
[-9.22421626  6.57564648  0.68235294]
[-10.04826172   7.55339241   0.02352941]
[-6.67600942  8.32300385 -0.23529412]
[-6.67862562  8.49529484  0.21176471]
[-6.64592465  8.02129866 -1.31764706]
[-6.60112982  8.3450222  -1.10588235]
[-10.9018852    5.57147396   0.14117647]
[-6.54936885  8.19618875  0.16470588]
[-11.03027192   7.22916161  -1.2       ]
[-6.54540841  9.12589844 -1.67058824]
[-7.32017129  7.42324429 -0.4       ]
[-6.45561051  7.14825057 -0.58823529]
[-11.07151259   4.37812246   0.35294118]
[-6.39552008 10.6486196  -0.82352941]
[-6.32497574  9.772765   -0.58823529]
[-6.20596268  8.90413875 -1.36470588]
[-6.07788867  8.22969462 -1.64705882]
[-5.98050337  8.64519394 -1.31764706]
[-11.24999209   6.38037977  -1.17647059]
[-6.47981867  8.82671648 -0.94117647]
[-7.27848726  4.8786419  -2.02352941]
[-7.27789532  8.1978364   0.16470588]
[-7.2503078   8.07870619 -0.70588235]
[-7.16925065  8.85274198  0.09411765]
[-7.12037423  8.94879956 -1.10588235]
[-7.10140174  9.25479635 -0.84705882]
[-7.02427056  8.48074717 -1.6       ]
[-6.97871066  6.24974399 -1.57647059]
[-6.74712661  8.27409268 -1.83529412]
[-6.94680244  7.82953493 -0.65882353]
[-6.92909117  8.85343036 -1.67058824]
[-6.87378257  5.94732023 -1.71764706]
[-10.85436493   7.89688776  -1.12941176]
[-6.82363189  7.13077356 -1.69411765]
[-6.82481126  7.20219135 -1.12941176]
[-6.8243387  10.42048157 -0.35294118]
[-6.75463352  6.87628613 -0.96470588]
[-6.95264812  5.4211428  -2.16470588]
