[ 1.03626799  3.12333433 -1.10984713]
[10.84659252  0.04803443 -2.04988235]
[ 3.16672982  2.73777481 -1.60792079]
[11.76604362  5.83660875 -2.05496049]
[11.82068536 -4.00054104 -1.73064426]
[11.26014646 -7.03672497 -2.0482593 ]
[ 9.55650701 -2.8012535  -2.06458073]
[12.21328987 10.77532074 -2.03137255]
[ 9.61226437  3.53570976 -2.08      ]
[10.11193968  0.83014428 -2.04458204]
[ 9.1958098  -7.39832503 -2.08470588]
[ 8.90632303 -5.09359434 -2.06078431]
[ 9.99722875  2.17710193 -2.07058824]
[ 8.64973261 -2.2047861  -2.10457516]
[ 10.51687784 -10.36495526  -2.10980392]
[10.17978799 -0.79225998 -2.07843137]
[10.21125083  9.60043198 -2.06764706]
[ 9.09669048  5.24145835 -2.11764706]
[ 9.7061573   7.06682459 -2.08627451]
[12.35291906 -9.74723542 -2.02823529]
[ 9.6940117  -6.69470603 -2.10823529]
[ 8.38607322  3.26939541 -2.10352941]
[ 1.89145212  4.18994573 -1.34117647]
[11.63106265 12.29059613 -2.09882353]
[ 7.96447568 -5.18954661 -2.07058824]
[ 9.22437107 -0.17476521 -2.07058824]
[ 8.43615127 -6.10396086 -2.04117647]
[ 9.01621153  2.54086476 -2.09411765]
[ 8.9620224  -0.66103601 -2.10588235]
[ 9.1915778  11.26043119 -2.15294118]
[12.33506456  8.43335808 -1.95294118]
[ 12.37339102 -11.96322608  -2.09411765]
[ 8.34226835 -3.98716577 -2.10588235]
[ 8.29975237 -1.2515008  -2.11764706]
[ 7.47381054 -3.85050996 -2.12941176]
[ 8.08365127  4.68736257 -2.10588235]
[10.00990867 -6.1529452  -2.08235294]
[ 7.81397668 -2.47288467 -2.08235294]
[ 8.49921767 -8.87481816 -2.08235294]
[ 9.32862875  8.32589368 -2.04705882]
[ 9.19933933  4.51916324 -1.92941176]
[11.89507919  8.12462393 -1.92941176]
[ 9.1980168   1.39599717 -2.09411765]
[10.25141838 -9.56939969 -2.11764706]
[ 9.00540744 11.72291513 -2.16470588]
[10.10342662  6.6213948  -2.11764706]
[-7.00115413 -7.38046084 -0.47058824]
[-0.92100959  2.84924387 -2.02352941]
[ 1.994767    3.52346518 -1.88235294]
[ 2.50307238  3.47111668 -2.14117647]
[ 6.77826506 -6.87186361 -2.02352941]
[ 7.03027243 -3.55232113 -2.07058824]
[ 7.17460946 -6.42936966 -2.09411765]
[ 7.22627241 -2.072003   -2.02352941]
[ 7.24701161 -6.14502522 -2.02352941]
[ 7.45458513 -1.18063863 -2.07058824]
[ 7.55101038 -5.75112161 -2.04705882]
[ 7.64872498 -3.58061257 -2.09411765]
[ 7.75005939  3.37599286 -2.07058824]
[ 8.64959475 -3.15117169 -2.07058824]
[ 8.00197441 -1.95549117 -2.09411765]
[ 7.99542199  5.25594203 -2.09411765]
[ 8.14971031 -6.64677997 -2.02352941]
[ 8.19505795  1.41934904 -2.16470588]
[ 8.37777412 -0.77767212 -2.02352941]
[ 8.40261519 -0.40222645 -2.11764706]
[ 8.52472379  6.54859815 -2.09411765]
[ 8.54894272  3.74581705 -2.16470588]
[ 8.63080568 -0.0759552  -2.11764706]
[ 8.7032759  -8.60529844 -2.11764706]
[ 8.72329805 12.04549559 -2.11764706]
[ 8.75530004  5.87341064 -2.07058824]
[ 8.95150781 -1.69443787 -2.16470588]
[ 8.00029991 -7.68067083 -2.16470588]
