[ 0.98687366  3.14948298 -1.11223496]
[ 3.11776354  2.79294976 -1.6428668 ]
[ 4.09023851 -4.71060354 -1.51866376]
[ -1.99839165 -11.61488348  -1.89647059]
[11.0072872  10.08822085 -2.10588235]
[11.7503966   8.76840215 -2.11764706]
[12.10875083  3.1781219  -2.12941176]
[11.59830019  4.38780643 -2.10588235]
[10.33567709 11.31061518 -2.08235294]
[10.62197539 10.57132172 -2.11764706]
[10.82779486  7.04792732 -2.02352941]
[11.04927825  2.6978756  -2.07058824]
[11.20576751  9.62985129 -2.07058824]
[11.37454386 -1.85019817 -2.14117647]
[11.44458059  0.55349253 -2.16470588]
[12.32955491  8.02982631 -2.11764706]
[10.77798461  6.69714125 -2.11764706]
[10.62104384  3.85565153 -2.09411765]
[10.5445226   7.4234824  -2.18823529]
[10.35163573  7.9194177  -2.09411765]
[10.12956569 -0.17588047 -2.16470588]
[10.07742514  8.07891202 -2.16470588]
[10.0261595  11.77452141 -2.16470588]
[ 9.4241415   6.77864806 -2.14117647]
[ 6.32997973 -1.87247671 -1.01176471]
[ 1.95053334  3.85431056 -1.71764706]
[ 1.76984646  4.14435619 -1.31764706]
[-0.98068423  3.00547059 -2.09411765]
[12.15363968  3.55427562 -2.11764706]
