[10.49547205  5.68555624 -0.59957675]
[ 1.13150724  3.1106145  -1.17491349]
[10.72460546  9.74852418  0.54901961]
[-9.39950893 12.1987341  -1.25967604]
[-12.22773205  11.74530339  -1.61782531]
[ 8.18815726 11.13653304 -1.776     ]
[ 7.50500104 10.13719752 -1.33529412]
[-11.96943242   5.36501226  -1.91578947]
[10.3761245  12.25566648  0.38754325]
[10.22075232 12.13728634 -0.4982699 ]
[8.97639167 9.22407819 0.49411765]
[10.15288365  5.18946677 -1.93781513]
[ 9.98700634 10.12728754  0.23710407]
[10.33135743  8.33181358 -1.82588235]
[ 9.11425369  6.44356223 -2.02823529]
[11.90127275  6.33223808  0.07843137]
[11.28107846  9.94343707  0.14117647]
[12.34860846  6.50769082  0.01344538]
[12.17410248  5.47058214 -0.95462185]
[10.68686884  7.61420875 -1.62689076]
[12.21492734  6.90953798 -1.42117647]
[-11.29766226  12.13780969  -1.63764706]
[10.21805915 10.58736292  0.11764706]
[10.51265933  9.21734562 -0.04117647]
[-12.26101549  12.25123225  -0.40588235]
[10.57134161  8.73530771 -1.04705882]
[ 8.26917458 10.58470377  0.58235294]
[10.94933063 12.27608857 -0.82941176]
[ 9.36713861 12.2765087   0.62745098]
[12.13212724  2.54504173 -0.8627451 ]
[ 9.98550762 11.20756377 -1.05098039]
[10.26649427  8.52686305 -0.3372549 ]
[ 9.49065608  9.90621795 -1.86666667]
[10.24461419  9.69387876 -1.56862745]
[10.8984712  10.24583783 -0.97254902]
[ 9.18109705 11.07211187 -0.69803922]
[11.15443213  1.21375083 -0.68235294]
[ 9.68937533  9.58402418 -2.09411765]
[ 9.62371198 11.06070908  0.8       ]
[11.24834488  7.94655057 -0.31764706]
[11.31112594  3.79020985 -0.57647059]
[11.297265    7.850089   -1.12941176]
[ 9.92520313 10.88665666  0.83529412]
[11.04799034  7.827448    0.64705882]
[10.04684946 11.91377748  0.76470588]
[10.01219449  9.95064659 -2.01176471]
[10.00127126 11.4129452  -0.74117647]
[11.05120958  9.24710414 -0.43529412]
[10.9928408  10.65186799  0.31764706]
[10.14968055  9.05875271 -1.57647059]
[10.88910961  8.45088898 -1.07058824]
[10.97615465  7.69979962 -0.08235294]
[10.27301676 11.41071262  0.87058824]
[10.31649876  8.21230592 -1.21176471]
[10.41396472  7.80117861 -1.6       ]
[11.42738413  0.91457862  0.38823529]
[ 7.50142436  9.84532776 -2.08235294]
[-0.9655006  2.9636953 -1.8      ]
[-9.4518526  12.47144342 -0.37647059]
[-9.74200386 11.64895628 -1.75294118]
[-10.76351091  12.38850473  -0.94117647]
[-10.94962849  12.07579741  -2.        ]
[-11.07232114  11.73778469  -2.05882353]
[ 9.07241916 10.21415133 -1.14117647]
[11.83994535  7.52615737  0.65882353]
[-12.12362128  12.03514688  -0.14117647]
[11.70973706  6.91652259  1.02352941]
[-12.47118179  12.07491672  -0.14117647]
[ 9.40326786  4.86192146 -1.91764706]
[12.37302964  7.42323612 -1.38823529]
[12.42427087  2.19710235  0.61176471]
[12.426094    2.29512832 -0.04705882]
[10.67666395  8.05180478  1.01176471]
[10.7039953   5.22590925 -1.90588235]
[12.43055584  6.05018946  0.63529412]
[12.4192407   6.91980959 -0.72941176]
[10.70397083  7.34859414 -1.01176471]
[10.7976495   6.25324722  0.54117647]
[10.63032742  7.44627725 -1.95294118]
[12.47382613  1.65344552 -1.15294118]
[10.82725234 10.87777344  0.14117647]
[10.82644884  8.9940068   0.82352941]
[12.45456221  5.10568476  0.30588235]
[10.82371685  8.64459141 -0.23529412]
[12.44490988  3.0459841  -0.89411765]
[10.80273331  6.42270526 -1.90588235]
[10.84798639  4.52698133 -1.69411765]
[11.50579301  2.32827119 -1.97647059]
[11.44931492  8.14794669  0.4       ]
[11.52496858  7.42605632  0.11764706]
[11.52099937  7.44936795 -1.31764706]
[11.40486378  0.5522159  -0.51764706]
[11.57073294  6.64890146  0.21176471]
[11.57798975  6.95503806  0.21176471]
[11.65280944  6.27336369 -1.95294118]
[11.24643149 10.24920042 -0.09411765]
[11.2043699   8.89568778 -1.10588235]
[11.71958253  7.69826199 -0.58823529]
[11.20274291  7.35313911 -0.35294118]
[10.6728663   2.40004004 -2.04705882]
[11.1496957   6.97753669 -0.04705882]
[11.05021785  7.80435685  0.35294118]
[11.81923324  9.62399492  0.21176471]
[11.98022806  7.29699131  0.8       ]
[12.05231683  3.49559392 -0.77647059]
[12.12228993  6.91970279  0.77647059]
[12.17580696  0.73037118  0.72941176]
[12.17076155  3.67621228 -1.83529412]
[12.1985806   3.55379419  0.63529412]
[12.20142963  6.27178773 -2.02352941]
[12.29624794  4.82151171 -0.75294118]
[12.29458317  7.80579742 -1.6       ]
[12.37943828  6.32715325 -1.12941176]
[11.14781028  8.77804751 -0.68235294]
[ 9.27117299  6.05579263 -0.35294118]
[ 9.22039589  9.87223241 -0.91764706]
[ 9.17946895 10.96992307 -1.88235294]
[ 9.12708348 12.27105965  0.16470588]
[ 9.12590989  8.61901469 -1.78823529]
[ 9.09655805 11.9800036  -0.42352941]
[ 9.03032151 12.19852554  0.63529412]
[ 8.99830737 12.39704382  0.87058824]
[ 8.97557486 10.67151984 -0.75294118]
[ 8.97125182  5.62807911 -1.97647059]
[ 8.95089264  8.9940666  -2.04705882]
[ 8.94743879  7.09679834 -2.02352941]
[ 8.95462827  6.84690461 -1.57647059]
[ 8.89819437 11.07318122 -1.48235294]
[ 8.90126557 11.00058164 -0.30588235]
[12.47906623  1.24627384 -0.84705882]
[ 8.74446106 11.70145812 -1.55294118]
[ 8.67293446 11.64538793 -2.02352941]
[ 8.64480173 12.06991045  0.23529412]
[ 8.59647239 10.55358661 -0.49411765]
[ 8.52492841 12.29530866  1.15294118]
[ 8.301809   11.70037581 -1.64705882]
[ 8.07969099  9.05471149 -2.09411765]
[ 7.97747166 11.82579964  0.42352941]
[ 7.09893224 12.00148624  0.18823529]
[ 1.86975439  4.15061338 -1.24705882]
[-9.92249426 12.00350836 -1.71764706]
[-10.02227463  11.79457279  -0.89411765]
[-11.57110951  12.25329042  -2.04705882]
[-12.35020171  12.44594747  -0.94117647]
[-12.40571323  11.59439495  -2.09411765]
[ 8.87362164 11.92364194 -0.8       ]
[10.54893669 11.10281114  0.61176471]
[10.48007033 10.21958631  0.14117647]
[10.44926137  9.28004897 -0.8       ]
[10.45474327  6.55255342 -1.08235294]
[10.40010948 10.64486395 -1.43529412]
[10.35357603  4.57476385 -1.52941176]
[10.29641461 11.58075865 -1.41176471]
[10.27122824  8.04410114 -0.07058824]
[10.25266702  9.74994642 -0.4       ]
[10.24733342  5.47290659 -2.02352941]
[10.21918476  1.32578381 -2.04705882]
[10.17399335 11.10435667 -1.48235294]
[10.14581598  6.10379192 -2.04705882]
[10.12885618  9.57627199 -0.8       ]
[10.02257568 11.35556231  0.        ]
[ 9.31945217 12.38021049 -0.25882353]
[ 9.36986412  6.02156943 -1.38823529]
[ 9.40027908 10.57487614 -1.45882353]
[ 9.39873513 12.48017024  0.07058824]
[ 9.49974038  8.60465205 -1.90588235]
[9.51917059 7.99698395 0.49411765]
[ 9.54713829  5.85081684 -2.02352941]
[ 9.55290149 11.89494112 -0.61176471]
[10.00363173  8.99499041 -2.02352941]
[ 9.5717504  12.00188482 -1.69411765]
[ 9.61927086 12.19892561  0.44705882]
[ 9.67016994 10.27382852 -1.76470588]
[ 9.72492593 11.27330877 -0.07058824]
[ 9.75400256 11.16902637 -1.41176471]
[ 9.75289413 11.75368195  0.47058824]
[ 9.82686479  8.04630922 -1.62352941]
[ 9.95381538  7.8468027  -0.30588235]
[ 9.57691048 10.12436667  0.75294118]
