[ 1.07794142  3.11202001 -1.05578415]
[11.92591562 11.97154703 -2.07320261]
[10.80839259 10.18781554 -2.11764706]
[11.30492482  9.16004377 -2.10352941]
[-0.93913473  2.92107823 -1.97647059]
[ 1.11692304  2.88284763 -1.92352941]
[12.2194155   2.53777555 -2.11176471]
[10.13724134 11.02425763 -2.12352941]
[ 1.8761613   4.1028647  -1.05098039]
[ 1.93993973  4.17341425 -1.49019608]
[ 2.50251243  3.23617208 -0.71372549]
[10.90119275  9.66714473 -2.09411765]
[12.35867889  7.34827557 -2.15294118]
[11.2264467   1.15519511 -2.14117647]
[11.25031382  9.57617751 -2.16470588]
[11.97014835  8.6478623  -2.11764706]
[10.8303296   6.79841469 -2.16470588]
[10.44745379  7.20274818 -2.07058824]
[12.44471173  1.55528042 -2.11764706]
[ 9.34640088 11.37925969 -2.11764706]
[ 9.02534959 11.59937502 -2.14117647]
[ 8.85440371 12.14694387 -2.14117647]
[ 3.42780179  3.5957859  -1.97647059]
[ 2.02462518  3.80411846 -1.83529412]
[-5.79731449  0.42071818 -1.05882353]
[ 9.62963125 11.3238089  -2.02352941]
