[ 3.61344963  9.26373729 -0.60076883]
[ 0.73563776  3.11519733 -1.16200767]
[-5.22671591 10.88859962 -1.34234532]
[ 3.13855139  3.24427607 -1.48328612]
[-2.93026821 11.73325739  0.22769801]
[-5.33044168 12.02723616  0.28345245]
[-11.71830639  10.35463191  -0.72705882]
[-7.05551253 12.32770965  0.45058824]
[-11.71005727  10.63978808   0.56099071]
[-9.38106270e+00  1.22576764e+01 -4.41176471e-03]
[-12.27982462  10.62587285  -1.78627451]
[-3.90328994 12.12970764 -1.44941176]
[ 6.50616638  8.65837478 -1.84117647]
[ 5.90547742 10.39756811 -0.42058824]
[ 0.2966842   9.05542823 -2.02352941]
[-12.10591574  11.61943965  -0.05042017]
[ 8.98482458  8.79207894 -1.95630252]
[-9.20675418 12.37064878 -0.9372549 ]
[ 8.406731    7.04090118 -1.59215686]
[-5.85342831 12.14052687 -0.71764706]
[ 9.41891662  9.82110158 -0.47843137]
[-2.91552231 12.14466809 -1.63137255]
[ 6.17698652 10.95816761 -0.43137255]
[-3.46345951 12.22051461  0.01882353]
[ 1.29269968 11.76249453 -0.31529412]
[11.40247333 11.40875521 -0.99764706]
[ 8.25316437 10.80582455 -0.78588235]
[ 6.42792051 11.94423995 -0.28235294]
[ 5.91078642 11.68341349 -0.42823529]
[-6.46115328 10.95894379 -0.03529412]
[ 6.25168456 10.00674387 -0.55294118]
[-8.34938291 11.47552828 -0.57058824]
[6.83272115 7.6186018  0.38235294]
[ 1.8623784  10.3819862  -1.51764706]
[-4.21782424 11.6371361  -1.38235294]
[-1.01168868 11.71524895 -1.72352941]
[-5.02387875 12.31912045 -0.12352941]
[ 1.49232451  8.1554672  -1.30588235]
[-12.46206304   9.95689419  -1.77647059]
[-5.89943391 11.78318002 -1.84313725]
[-1.24070809 11.10705909 -1.16862745]
[-1.36424067 11.69015624  0.58823529]
[ 8.65819533 11.96842218 -1.63137255]
[ 8.82038458  7.3337871  -0.10196078]
[ 4.61359426 11.21684783 -0.20392157]
[10.88352126  9.99381302 -1.09019608]
[ 1.75947897  9.63148896 -1.78039216]
[-3.56631846 11.51555792 -1.84313725]
[-2.26686613 11.48010573 -1.19215686]
[7.56311596 9.90647469 0.18823529]
[-4.49535464 12.3096639  -1.23137255]
[-3.99315881 11.51699941  1.01960784]
[ 5.67559558 12.17457512 -0.26666667]
[-8.68382613 12.08639367 -0.44705882]
[ 0.59213422  9.22955256 -0.61176471]
[ 0.14396501  9.88432787 -2.03921569]
[-7.08487176 11.14356355 -1.01960784]
[-6.71236304 11.79925724  0.04705882]
[ 8.61643711  8.78510796 -0.79215686]
[-1.92727581 10.87954661 -0.05882353]
[ 7.39213107  9.65384062 -2.04705882]
[-1.51281706 12.13726238 -1.52941176]
[ 4.30034854 10.42588543 -0.24705882]
[ 1.94999863  4.2715898  -1.57647059]
[ 4.74961536 11.52700323 -0.51764706]
[ 1.90465811 10.91340132 -1.72941176]
[ 4.91719048 10.70392694 -0.4       ]
[5.15205083 9.89779475 0.22352941]
[ 1.3825605  10.66282564  0.48235294]
[ 1.42717316 11.37361636 -0.36470588]
[ 1.25845557 10.17470393  0.90588235]
[-2.32572272  9.84923082 -1.98823529]
[ 1.10017393 11.83685119 -0.89411765]
[ 1.02565027 12.2501404  -0.28235294]
[6.41130521 9.01327545 0.22352941]
[ 6.487846   12.33517849  0.02352941]
[-1.00940597 11.88602912  0.29411765]
[ 6.98577698  9.61192051 -1.89411765]
[-1.24615399 10.61482331 -1.32941176]
[-1.2706732  11.72880274 -1.27058824]
[7.43316176 8.79903742 0.01176471]
[ 5.43984271 10.85906493 -0.64705882]
[10.33849178 10.32426979 -1.62352941]
[10.44872197  9.75022592 -1.24705882]
[10.56348749  8.42586559 -0.75294118]
[-5.76162317 12.33802735  1.11764706]
[-5.29784171 11.57889447 -0.02352941]
[-6.7398343  11.61224467 -1.74117647]
[-12.22982255   9.25943461   0.29411765]
[-9.01471034 12.06245341 -0.43529412]
[ 9.02274287 10.78453816 -0.8       ]
[-12.25801022  11.73049669   0.75294118]
[10.79003138  7.85029591 -1.15294118]
[10.75929149 10.53720269 -1.14117647]
[10.39442116  7.62949948 -1.81176471]
[ 4.42286283 11.83629109 -0.25882353]
[-2.88661458 10.82650346 -0.30588235]
[-12.46792201  10.74708085   0.76470588]
[ 8.38925873 10.38612837 -1.03529412]
[-8.26468838 12.36409213  0.78823529]
[ 8.42197949 11.35055623 -1.55294118]
[-12.39745979  11.99102934  -0.8       ]
[ 9.82248215  9.28823272 -1.16470588]
[-12.29953906   8.33746648  -2.11764706]
[-12.32584273  10.67683136   0.17647059]
[-2.78822718 10.45927506 -1.50588235]
[-4.14123367 11.3489161   0.49411765]
[10.02712173  8.28052959 -0.44705882]
[ 9.82711112 10.12083522 -1.78823529]
[10.09645113  9.15544791 -1.31764706]
[ 5.44949563 10.39551082 -0.32941176]
[ 5.37565891 10.32282192  0.37647059]
[ 5.27693566  9.92190329 -0.25882353]
[10.60575586  7.55319234 -1.31764706]
[10.59788016  7.69553637 -0.82352941]
[ 5.22876675 11.47323511 -0.61176471]
[10.60593024  8.14887345 -0.42352941]
[ 5.02913266 11.9987215  -0.58823529]
[10.85092146  9.77663554 -1.38823529]
[ 4.55593361 11.1755531  -0.61176471]
[ 9.80419756  9.75245715 -0.65882353]
[ 7.79606433  9.82204775 -1.52941176]
[ 7.50078048  9.39526715 -1.88235294]
[ 7.50398144  9.37986072 -1.48235294]
[ 7.49601903  9.17346485 -0.18823529]
[ 7.46960042 11.00452555 -1.17647059]
[ 7.45050426 10.07330738 -1.24705882]
[ 8.49964086  7.99629367 -0.87058824]
[ 8.84668806  9.27095816 -2.11764706]
[ 7.35247992 11.57422592 -0.61176471]
[ 8.92532708  8.54470422 -0.42352941]
[ 7.14870657  9.9197236  -0.89411765]
[ 9.02391291  7.00588481 -2.14117647]
[ 9.0753853   7.55409808 -2.09411765]
[ 9.10409193 10.20339334 -0.44705882]
[11.37820376 10.78061607 -1.81176471]
[7.14541452 8.20462599 0.54117647]
[7.07389064 9.63043727 0.18823529]
[ 9.2257005  10.72312548 -1.36470588]
[ 9.38073213 10.79830959 -0.70588235]
[ 9.47868162  6.80189509 -0.8       ]
[ 6.95120905 10.57837634 -0.82352941]
[ 6.95321643 10.02739418 -0.61176471]
[ 6.85486521  9.32529506 -1.95294118]
[ 9.52419739  8.47790943 -0.14117647]
[ 9.54838314  9.27185508 -0.63529412]
[ 9.62460217  9.82305812 -0.98823529]
[ 9.67926576  9.05557522 -0.94117647]
[ 9.74647038  9.52698612 -0.87058824]
[ 6.25258232  9.37832951 -0.35294118]
[ 7.15136004  9.30257194 -0.09411765]
[-7.57867902 12.47645827 -0.54117647]
[-6.57295955 11.00560585 -0.44705882]
[-5.73066088 11.39798326 -2.09411765]
[-5.50593852 12.14790109 -2.07058824]
[-5.44918212 10.07237054 -1.34117647]
[-5.37520739 12.20316483 -1.15294118]
[-4.9277085  11.87975236 -1.22352941]
[-4.8239391  11.79980231 -1.83529412]
[-4.67215252 10.41967451 -2.02352941]
[ 0.02960068 12.24496877 -0.14117647]
[-4.42535909 12.09469024 -1.48235294]
[-4.35511615 12.40501733 -1.69411765]
[-4.26929933 11.8690946  -2.        ]
[-4.1707306  12.37400105  0.51764706]
[-4.15452375  8.79556005 -2.16470588]
[-3.85358228  9.35211674 -2.09411765]
[-3.72153254 11.83065934 -2.04705882]
[-3.67611291 12.2223315   0.30588235]
[-3.65576709 10.9980391  -2.        ]
[-3.54645554 11.69998997 -1.34117647]
[-4.52700917 11.99673535 -0.68235294]
[-12.50153      9.62737054   0.21176471]
[-12.44461619  10.94824346  -0.02352941]
[-12.42094544  12.04606407   0.09411765]
[-12.40103419  10.30428346  -0.77647059]
[-12.35204084  10.9799172    0.42352941]
[-12.35470859  11.25505636   0.23529412]
[-12.27604587   7.44988377  -2.09411765]
[-12.2727711   11.00040521  -0.30588235]
[-12.22660569  10.52593243  -0.18823529]
[-7.72976714 12.47456774  0.21176471]
[-12.02509314  12.47475972   0.65882353]
[-11.87420025  10.30271104  -1.38823529]
[-11.8493272    9.60156263  -0.32941176]
[-11.17324458  10.65559305  -1.43529412]
[-10.8475987   10.7771986   -0.75294118]
[-9.79915241 12.43031645  0.09411765]
[-8.37913646 12.40285995 -0.51764706]
[-8.35489695 12.0305339  -0.44705882]
[-8.17923172 12.17489935 -0.11764706]
[-7.87558709 12.48057156  1.01176471]
[-12.15580711  12.07075808  -0.09411765]
[11.3761752  11.52057318 -0.61176471]
[ 0.09450909 11.89953266  0.37647059]
[ 0.10317928 12.30203858 -1.15294118]
[ 0.35571266 12.32642398 -0.44705882]
[ 0.50487293  8.46952253 -2.02352941]
[ 0.67256136 12.37453981 -0.72941176]
[ 0.874638   12.470611   -1.34117647]
[ 1.04607352  9.07171512 -2.09411765]
[ 1.07048636  9.57009497 -2.07058824]
[-3.14924693 12.1057014   0.51764706]
[ 1.19526685 12.17019479 -0.65882353]
[ 1.24917535 11.45037777 -2.07058824]
[ 1.42960658  8.5804646  -1.62352941]
[ 1.49658837  9.90141007 -2.07058824]
[ 1.50488729 11.57562306 -0.14117647]
[ 1.70533167 10.15326074 -0.8       ]
[ 1.88057249 11.30567837  0.23529412]
[ 1.89456368 -4.95380326 -0.70588235]
[ 1.97870617  9.51981884 -0.63529412]
[ 2.70203971 11.10180427 -0.14117647]
[ 1.09842925 12.10090364 -1.12941176]
[-2.55125653 11.67522766 -0.94117647]
[-2.32290056 12.34673718 -0.18823529]
[-2.12275438 12.47112845  1.01176471]
[-1.97285448 11.05490818 -1.55294118]
[-1.79575679 10.19579337 -0.37647059]
[-1.77461794 12.0526618   0.28235294]
[-1.62997655 11.904268   -1.71764706]
[-1.57516403 11.07313445  0.51764706]
[-1.42278814 11.27025225  0.30588235]
[-0.04486089  9.32805266 -1.41176471]
[-1.33083529  9.703958    0.30588235]
[-1.21961236  8.96944839 -2.11764706]
[-1.19681689  9.24676492 -1.92941176]
[-1.07148586 10.57832056 -0.96470588]
[-1.05469309  9.85298836 -2.16470588]
[-0.878847    8.97313605 -2.04705882]
[-0.86977315 11.3945814   0.77647059]
[-0.6730126  11.19770707 -2.09411765]
[-0.36975215 12.4194557  -1.41176471]
[-0.14941311 12.47399398 -0.42352941]
[-1.34909733 12.07540766  0.37647059]
