[ 0.77312087  3.03573511 -1.10455203]
[ 3.18424286  3.36385543 -1.26133076]
[ 3.24570669  2.66343467 -1.66969309]
[12.26606819 11.74363984 -2.06862745]
[12.12860737  8.33343127 -2.09411765]
[11.4899568   9.37636015 -2.07058824]
[11.37421388  8.93274592 -2.11764706]
[11.07238402 10.07723193 -2.14117647]
[ 9.97852492 11.02587481 -2.09411765]
[ 1.95335843  4.02292598 -1.16470588]
[ 1.23760712  3.00494869 -2.07058824]
[-0.94003868  2.92190984 -2.10588235]
[10.46389944 10.77736458 -2.11764706]
[12.17305173  2.45171478 -2.16470588]
[11.02524716  7.22593551 -2.18823529]
[ 9.34425352 11.81962455 -2.09411765]
[11.22200225  6.65127549 -2.04705882]
[ 2.74940685  3.47479961 -2.        ]
[11.7492357   4.82305907 -2.09411765]
[11.74544569  8.92501981 -2.04705882]
