[ 0.70763108  3.03834178 -1.08656574]
[ 3.14509047  3.41443768 -1.23321267]
[ 3.19826274  2.70775611 -1.63056266]
[12.06074995 12.00706842 -2.07197232]
[ 1.93663608  4.1297929  -1.30084034]
[11.51569788  9.34949898 -2.12352941]
[12.18245857  8.47680562 -2.07843137]
[ 9.39870227 11.11663237 -2.10980392]
[ 1.33781382  3.64900472 -1.51764706]
[11.0655555   9.53994848 -2.14117647]
[11.0775634   9.98812888 -2.11764706]
[11.94995194  5.9284428  -2.11764706]
[11.64721844  8.90293495 -2.11764706]
[ 8.84413343 11.77282368 -2.14117647]
[ 7.40359156  4.05359639 -0.14117647]
[-4.8985091  -5.07635249 -1.22352941]
[ 9.02215944 11.47574412 -2.11764706]
