[ 1.36536005  3.08668844 -1.14710561]
[11.86465356 11.85080303 -2.04705882]
[-8.17812031 -4.23813823 -1.83114187]
[10.65026881  9.43368589 -2.11428571]
[10.17968424 10.18338684 -2.14588235]
[-9.9341561  -8.63565619 -2.06470588]
[ 9.83249951 10.96143522 -2.10588235]
[ 1.90930487  3.77512353 -1.78823529]
[ 9.08868831 11.74054821 -2.09411765]
[12.42074914  8.65475771 -2.07058824]
[10.95062692 10.59657093 -2.11764706]
[10.65087261 10.75300116 -2.14117647]
[10.3941278   7.65571083 -2.16470588]
[ 9.79942512 11.85585629 -2.11764706]
[ 9.45110987 11.44574684 -2.09411765]
[ 9.42108186  8.12428854 -2.09411765]
[ 3.38090094  3.52146407 -2.02352941]
[ 1.3212478   3.14834311 -2.11764706]
[ 1.12873287  2.85069119 -1.97647059]
[-0.3978758   3.85425836 -2.02352941]
[11.42946231  9.52331409 -2.04705882]
