[ 1.03636943  3.09695815 -1.12505723]
[ 3.17980166  2.68730203 -1.63615495]
[12.08074545 -5.70615718 -1.59929763]
[11.73723225 11.86020923 -2.06572008]
[11.95201972  7.716957   -2.09934641]
[10.69063778  9.19876175 -2.10053476]
[11.0691189   5.50350279 -2.10352941]
[ 9.84347446  7.45380088 -2.11764706]
[-10.82245322  -8.06191735  -2.06470588]
[11.68768178  4.33100786 -2.12941176]
[10.29962364  6.95731588 -2.09411765]
[12.35688464  6.47575006 -2.10196078]
[10.62610765  6.29107824 -2.11764706]
[ 9.97249154 10.23414785 -2.08235294]
[ 1.9379802   4.07250004 -1.16470588]
[ 9.90519375 10.65925472 -2.11764706]
[ 8.81182483 11.70170154 -2.11764706]
[12.17557091 -3.85012243 -2.16470588]
[12.0247859   3.64408156 -2.14117647]
[11.87974195 -4.62492389 -2.16470588]
[11.849167    3.05449752 -2.11764706]
[11.72720773  3.84563844 -2.09411765]
[ 9.02622645 11.32327533 -2.14117647]
[11.52076598  4.94488659 -2.14117647]
[ 9.5502104   7.87778809 -2.04705882]
[11.32931978  1.2524267  -2.07058824]
[ 9.57370633 10.02854996 -2.07058824]
[ 9.59833828 11.31992737 -2.14117647]
[10.85349799  2.81906962 -2.16470588]
[10.55305803  2.99981222 -2.07058824]
[12.47535192 10.46976023 -2.07058824]
[ 9.82847522 -5.64775849 -2.18823529]
[10.22725303  3.79695142 -2.16470588]
[10.02241805 -1.15333078 -2.09411765]
[12.34710963 -2.20454287 -2.16470588]
