[ 1.03965762  3.1102288  -1.13253169]
[ 3.17958379  2.70030535 -1.68072134]
[ 9.09874797 -5.8882256  -1.79495798]
[12.15617139 12.30510847 -2.07352941]
[10.98497608  9.78681363 -2.1254902 ]
[ 2.08677072  3.77244511 -1.6       ]
[ 3.91235628  3.4254842  -1.78823529]
[ 1.92368412  4.09976697 -1.17647059]
[ 3.47578133  3.49983331 -1.97647059]
[ 9.15041295 12.17178159 -2.16470588]
[10.34596176  6.85123635 -2.07058824]
[10.42547047 10.74896243 -2.04705882]
[10.94580957 10.32176811 -2.14117647]
[11.34550063  8.99624046 -2.11764706]
[11.74563529  9.15429097 -2.07058824]
[12.39780933  4.52535345 -2.16470588]
