[ 0.72239035  3.04891441 -1.06292182]
[ 3.09428015  3.45316282 -1.28372313]
[ 3.16862349  2.76731764 -1.66648956]
[ 1.83505797  4.05197258 -1.21176471]
[ 3.26367035  3.60255331 -2.01176471]
[ 9.47040257 11.44246688 -2.05882353]
[-0.0038441   3.40203432 -2.02352941]
[ 1.24768028  3.22613816 -2.07058824]
[ 1.4746227   5.02654958 -1.34117647]
[ 1.94419389  4.22002629 -1.62352941]
[ 2.0044136   3.77103021 -1.76470588]
[ 8.76972589 12.02526015 -2.11764706]
[11.20188912 10.3942237  -2.07058824]
[11.82356252  9.62055738 -2.07058824]
