[ 1.16985755  3.09363625 -1.16489941]
[-10.94837981   1.47235123  -1.10805156]
[-12.2002222  -5.8865302  -1.4045911]
[-10.38061641   6.28535201  -1.99529412]
[12.33163088  1.23098722 -2.09882353]
[-12.2804506    4.91617231  -1.94352941]
[-12.30273051   1.97911028  -0.64      ]
[-0.94571534  2.89400718 -1.91058824]
[-10.0014926    6.28019925  -1.74117647]
[12.30507396 -1.31565937 -2.11176471]
[-9.09263842  3.62113495 -2.1       ]
[-12.21112696   1.80019435  -1.97058824]
[10.07506014  4.63023077 -2.17058824]
[-11.26611403   4.70823396  -2.        ]
[-12.30680544   2.18377558  -1.67843137]
[-10.22966425   0.93327128  -2.03921569]
[-11.30256718   5.09160237  -1.09411765]
[12.09754683 -2.56723926 -2.12941176]
[ 2.06395992  3.83892857 -1.82352941]
[-9.87719649  5.83693156 -2.08235294]
[-8.3754488   4.92191211 -1.57647059]
[-12.02642715  -2.35292563  -1.97647059]
[11.03773103 -0.44036789 -2.14117647]
[-12.46462376  -0.52456404  -1.01176471]
[-12.12596858   0.38730214  -1.72941176]
[11.67650481  4.13571297 -2.11764706]
[11.81149913 -3.96168142 -2.14117647]
[-11.8775018    1.31240992  -0.50588235]
[-10.04872499   1.57288844  -1.74117647]
[12.39445937  2.24932633 -2.09411765]
[-9.85145696  5.22320791 -0.35294118]
[-9.25031312  5.25093796 -2.04705882]
[12.12171704 -3.17948763 -2.09411765]
[12.05207051  0.7510797  -2.11764706]
[ 1.84841829  4.122576   -1.24705882]
[11.94541195  3.5225024  -2.14117647]
[10.42948782 -3.2762014  -2.14117647]
[10.62329242  3.99418197 -2.11764706]
[10.95096211  0.09884172 -2.16470588]
[10.97861358  1.35160543 -2.09411765]
[11.12663626  6.25318276 -2.09411765]
[-10.20419393   0.52052222  -0.07058824]
[-12.50137252   3.04599722  -1.6       ]
[-12.50107841   3.32820084  -0.49411765]
[-12.47349368   0.35175171  -0.42352941]
[-12.47697331   6.77292663  -1.90588235]
[-12.4217568   -1.27508054  -1.15294118]
[-12.37971165   3.34626688  -1.43529412]
[-12.37442933   4.42150428  -0.84705882]
[-12.34868924   0.75332517  -0.44705882]
[-12.27292567   4.00049292  -1.52941176]
[-12.19784326   6.47734187  -1.95294118]
[-12.17395017   3.17765333  -1.6       ]
[-12.15464763   4.22042867  -1.76470588]
[-12.07168835  -0.43089023  -2.        ]
[12.39614664 -0.46974293 -2.11764706]
[-11.85531999   1.49701112  -2.11764706]
[-11.79916094   1.77783101  -1.88235294]
[-11.7726068   -6.12834919  -1.05882353]
[-11.72078178  -1.32554861  -2.02352941]
[-11.37746602   4.87305036  -1.67058824]
[-11.30536934   5.92924413  -2.07058824]
[-10.94703956  -0.94512178  -0.70588235]
[-10.92312478   5.0550438   -1.81176471]
[-10.88060646   3.63087164  -0.77647059]
[-10.82781123   5.69645266  -2.        ]
[-10.54474248   4.82503649  -1.74117647]
[-10.45515118   4.07352323  -1.29411765]
[-10.40234662   3.42001178  -0.32941176]
[-11.90392887   0.43038769  -1.38823529]
