[ 0.75896726  3.08507509 -1.11046297]
[ 3.15467187  3.40945831 -1.26286765]
[ 3.18546841  2.70950227 -1.67017544]
[-4.81247231 -4.48643842 -1.68121442]
[12.10936915 12.03892806 -2.09411765]
[12.22702906  7.26762976 -2.07764706]
[-7.77270266 -9.39823364 -1.99663866]
[10.8542704   9.89159686 -2.10588235]
[11.76730933  8.26890448 -2.08      ]
[10.56583986  6.93491416 -2.10980392]
[11.71396183  4.0726647  -2.08235294]
[11.6630016   4.4837233  -2.14117647]
[11.09687891  6.31188385 -2.09411765]
[12.24827961  7.85431297 -2.05882353]
[-0.92466537  2.91269038 -2.08235294]
[ 2.07205654  3.69881545 -1.74117647]
[ 9.29840042 11.86287917 -2.14117647]
[10.50271173 10.75260112 -2.14117647]
[10.04963653 11.21101453 -2.15294118]
[11.0013893   9.09599381 -2.11764706]
[11.02117447  1.44917983 -2.09411765]
[ 9.45093156  8.4286813  -2.11764706]
[11.32030039  0.05169382 -2.14117647]
[11.46905352  9.02686064 -2.11764706]
[ 9.85341287  5.65068733 -2.14117647]
[ 3.40042483  3.54742225 -1.88235294]
[10.02456045  8.14529251 -2.14117647]
[ 1.92734526  4.10288479 -1.27058824]
[11.82566983  4.92149732 -2.16470588]
[12.12059476  3.15515856 -2.14117647]
[12.19568606 -5.60459329 -2.16470588]
