[ 0.75084981  3.05198821 -1.12712074]
[ 3.14482911  3.3867703  -1.29775227]
[ 3.1526036   2.70216583 -1.66422494]
[ 7.61421485 -6.00054211 -1.69803922]
[12.29947362 12.41125458 -2.07058824]
[12.30952992  2.85574349 -2.14588235]
[12.42474203  6.87000771 -2.02941176]
[11.2563238   5.69754132 -2.11176471]
[10.59662468  5.97563364 -2.1254902 ]
[11.73565626  9.29319166 -2.13333333]
[ 9.48295744 12.06168727 -2.16470588]
[12.1230554   8.51653482 -2.08235294]
[-4.72530312 -3.3965116  -1.34117647]
[11.1471202  10.05219023 -2.08235294]
[12.12387261  6.92534347 -2.09411765]
[11.74512771  4.39847615 -2.16470588]
[11.43064593  1.84797532 -2.11764706]
[12.17398768  2.17743311 -2.09411765]
[11.32077133  2.62359943 -2.11764706]
[12.40051967  8.03086167 -2.14117647]
[ 9.77799882 11.74481122 -2.16470588]
[ 9.72526826  6.35450435 -2.11764706]
[ 9.34471215 12.44623145 -2.16470588]
[ 9.02832043  3.67811353 -2.09411765]
[ 2.34533033  3.27771077 -2.04705882]
[ 1.90416404  4.07838046 -1.17647059]
[ 1.87177045  4.17327226 -1.62352941]
[-10.74514793  -7.46931581  -0.28235294]
[10.40285763 11.24908761 -2.09411765]
