[ 0.73679686  3.08811358 -1.09880775]
[-11.0817524    1.15860037  -1.13930861]
[ 3.10437583  3.18416559 -1.44102908]
[-12.15487518  -6.22662524  -1.46554622]
[11.15866084  4.76481785 -2.10374332]
[-12.31690737   1.9117541   -1.64705882]
[11.84741722  1.53852126 -2.08941176]
[11.88547239  2.84031782 -2.09411765]
[11.89340182  8.37683438 -2.12705882]
[12.07247488 -8.42871332 -2.09411765]
[12.25281399  7.6720994  -2.10420168]
[-12.03271758   0.13017865  -1.31294118]
[-10.14918128   5.53988766  -1.82588235]
[-0.96488064  2.91344868 -1.88235294]
[11.80870643 -3.49481257 -2.10352941]
[-10.23218333   1.79573828  -0.28235294]
[-12.39309255  -1.15962393  -1.30588235]
[10.49490006  6.19363936 -2.11176471]
[11.50174633 -5.14406752 -2.07058824]
[-10.92335283   3.8064273   -2.03137255]
[-11.13356607   5.18184249  -1.83529412]
[12.05880361 -2.57305514 -2.09411765]
[12.13897381 -0.89872024 -2.08627451]
[12.13321691  0.07485383 -2.11764706]
[-12.28238145  -5.61342756   0.        ]
[12.17469394 -1.82763527 -2.10980392]
[ 9.97594213  4.33371312 -2.10196078]
[10.89847666 -6.34094764 -2.0627451 ]
[10.03396448  3.78915126 -2.11764706]
[-9.87551277  3.82681513 -1.12941176]
[-10.79775481   6.04874902  -2.        ]
[-10.83847628   0.12943037   0.18823529]
[10.71740854  1.51775644 -2.09411765]
[10.72655515  6.88401612 -2.11764706]
[-10.88672211   5.66313898  -1.41176471]
[-11.03535029   5.05480242  -1.4       ]
[-11.45230051   4.62480522  -1.05882353]
[-12.07763858  -1.78622439  -1.28235294]
[12.37479048  6.61330483 -2.12941176]
[12.12365021  0.88542174 -2.11764706]
[11.63736854  9.09784269 -2.11764706]
[11.60217933 -4.67447795 -2.09411765]
[11.42735333  9.32687768 -2.17647059]
[-12.31290573   0.15089062  -1.96470588]
[-11.57060014  -2.0712921   -2.05882353]
[-12.33581848  -8.93971046   0.69411765]
[11.77156281 -4.24425259 -2.16470588]
[10.27108764  3.36963875 -2.09411765]
[12.15298573 -9.75401451 -2.02352941]
[10.14944334 -8.37422073 -2.16470588]
[10.39616964 -7.37259209 -2.16470588]
[ 9.94820714 -7.82451827 -2.16470588]
[12.01918113  0.52431232 -2.07058824]
[12.22825947 -9.0520078  -2.09411765]
[10.40344416 11.76918035 -2.14117647]
[10.60496025 -3.35456075 -2.07058824]
[10.60322274  2.64411745 -2.09411765]
[11.32870002  9.74766424 -2.09411765]
[11.02923798 -0.77372678 -2.09411765]
[10.97674858 -5.74504641 -2.09411765]
[10.94442308 -1.95289701 -2.04705882]
[ 10.77981436 -11.1037218   -2.16470588]
[10.90534246 -0.22468777 -2.11764706]
[10.77643914 -6.70271574 -2.11764706]
[10.55049453 -2.2454514  -2.16470588]
[-11.85388739   1.82119385  -2.11764706]
[-11.89660917  -1.40209314  -1.92941176]
[-11.92401182  -6.60191918  -0.70588235]
[-11.97345263   4.90035651  -1.74117647]
[-12.00248687  -7.07674334  -1.97647059]
[-12.14897329   2.63044431  -1.83529412]
[-12.19976354   1.07158949  -0.47058824]
[-12.22372989  -2.0703474   -1.2       ]
[-12.24528555  -2.24975105  -1.50588235]
[-10.25541455  -1.40554248  -2.04705882]
[-12.29956758   0.8962421   -2.        ]
[-12.32214965  -1.13048934  -0.77647059]
[-12.35153552  -8.88002422   0.21176471]
[-12.37909166   0.80333228  -0.98823529]
[-12.3808175   -3.79417428   0.02352941]
[-12.42504332  -0.37838118  -1.76470588]
[-12.44715255  -1.42892143  -0.91764706]
[-12.49837011  -1.49959273  -1.90588235]
[-12.5030388   -6.42747326  -1.62352941]
[-12.49523051  -9.74488672  -1.92941176]
[-12.27034536  -0.22578436  -1.52941176]
[ 9.62821282 -0.65590311 -2.16470588]
[ 9.59442677  8.42399124 -2.14117647]
[ 9.12089973  6.72715829 -2.09411765]
[ 8.61935629  2.52444151 -2.07058824]
[ 2.02276788  3.53038693 -1.74117647]
[-9.99492341  3.09786039 -2.11764706]
[12.36989924  4.47766875 -2.09411765]
[-10.42637336   1.07149898  -1.43529412]
[-10.54855777   6.17749852  -1.69411765]
[-10.57732629   5.67813268  -1.10588235]
[-11.72019251  -0.3191302   -1.34117647]
[-10.90365816   3.79898514  -1.10588235]
[-10.92809086   4.47178481  -0.96470588]
[-11.37707687  -0.57361125  -2.04705882]
[-11.50447096   5.0057738   -1.17647059]
[-11.49602401   4.12106802  -1.81176471]
[-11.55357184   3.52286962  -0.87058824]
[-11.55538408  -0.26953444  -2.07058824]
[-11.57255461  -0.0956926   -1.71764706]
[-11.67889942   5.44713984  -1.97647059]
[-11.69490638  -0.64408205  -1.67058824]
[-10.67144397   5.7219517   -2.07058824]
