[ 4.75698704  8.79377856 -0.52376724]
[ 1.20329458  3.10287579 -1.15215258]
[-11.76323501  11.26769007  -0.45597523]
[-4.19070397 11.55386838 -1.57947811]
[-10.13173005  11.86771007  -0.74044118]
[10.17527128  8.22226659 -0.1432526 ]
[-12.36520243   8.85147709  -0.31122995]
[-9.95206402 12.18628436  0.52941176]
[ 0.79896386 11.27330458 -1.7210084 ]
[ 9.47701824  8.56577025 -0.59803922]
[-2.83926512 12.00662482  0.25668449]
[-1.59028814 12.33780631 -1.04235294]
[ 7.944997   11.02935707 -0.32705882]
[-10.59250874  12.23302205  -1.83764706]
[-11.04518436  11.49127754  -1.78117647]
[ 3.07875891 11.58123803 -0.26143791]
[ 6.91532425 10.49048835 -0.33464052]
[10.7670998   4.60845034 -1.37352941]
[ 0.51105713 12.07654008  0.48067227]
[-11.60274247  12.33489781   0.33277311]
[10.32990593  9.36229488 -0.85098039]
[ 1.99055098 11.47080458 -1.63529412]
[-11.19921774  12.33792226  -1.88235294]
[-11.6833455   10.40164668  -1.9372549 ]
[11.41603314  6.78817595 -1.21882353]
[ 7.29987538  8.82715305 -1.89176471]
[ 3.76711816 11.57322312 -0.31529412]
[12.00458433  7.06685787 -0.92705882]
[6.32081829 9.68936829 0.23058824]
[-4.88294729 12.28977375 -0.82941176]
[-4.66436919 11.88350065 -0.04705882]
[11.28042753  9.15292627 -0.75294118]
[-5.73558616 12.38754446 -0.17647059]
[-12.13632104  12.33012465   0.8       ]
[-11.59964896  11.44158269   0.44117647]
[-12.30683479   8.99517982  -1.10588235]
[ 1.92747706 10.56816601 -1.28235294]
[11.29329456  7.35676756 -1.03529412]
[ 3.61630079 11.20658654  0.24313725]
[ 2.84247661 12.07213512 -0.29019608]
[ 9.05704172  8.78214285 -0.38431373]
[ 8.94355973  9.21616045 -0.63529412]
[8.35193674 6.80878014 0.61960784]
[ 6.63170319  9.8760276  -0.43137255]
[6.3732348  7.03279163 0.15686275]
[7.8427538  7.34938308 0.54901961]
[ 6.22470806 11.30304058 -0.36862745]
[ 6.38279037 10.80653767 -0.58039216]
[ 0.60734376  9.15082558 -2.0627451 ]
[ 0.43365383 11.90259347 -1.24705882]
[-3.42935955 12.32215999  0.05490196]
[-10.51620085  12.29982385   0.21960784]
[-5.45823286 12.39221702 -0.80784314]
[-11.78296802   9.75969988  -1.85882353]
[-12.13859951   7.2011463   -2.03137255]
[ 7.40318976 11.03274247 -0.25098039]
[-12.3761375   10.52843496  -2.07058824]
[-11.24795659  10.46800123   0.66666667]
[-10.28521358  11.84516881  -1.46666667]
[-10.67470787  12.14249711  -0.32941176]
[12.08822474  5.9734951  -1.85882353]
[12.27246892  6.47608968 -0.58039216]
[11.92269307  9.5347199  -1.03529412]
[-12.04154739  11.11456899  -2.01176471]
[ 0.37312476 10.81544945 -1.15294118]
[ 3.53492892 10.60237029 -0.41176471]
[10.24632429  5.88490518 -0.09411765]
[ 6.29300792 10.67084342 -0.30588235]
[-11.25061516   9.33779437  -2.12941176]
[11.77409296  8.36326276 -1.77647059]
[-10.93763532  12.20732534   0.52941176]
[10.16174315 10.49024546 -1.09411765]
[11.76175285  8.45928491 -2.11764706]
[10.03675596  9.0365076  -0.89411765]
[ 6.05994476 10.37467295  0.37647059]
[5.26314544 9.71211262 0.63529412]
[ 1.46259503 11.24938857 -1.55294118]
[ 9.52335224  6.06094256 -1.89411765]
[ 0.71565575 12.28634593 -0.61176471]
[ 7.40240487 11.48847443 -0.30588235]
[ 8.96147505  8.67457388 -0.83529412]
[7.59764733 8.01327823 0.27058824]
[ 6.98855021 11.20994535 -0.29411765]
[11.09019853  8.51037762 -0.38823529]
[12.25960696  8.42468932 -1.61176471]
[ 7.61134039 10.10956732  0.01176471]
[11.0397321   7.68300445 -0.95294118]
[-1.21624347e+01  1.19267321e+01 -1.17647059e-02]
[ 2.25434269 11.84914857 -1.61176471]
[-1.97203672 12.46446433 -1.51764706]
[11.9768935   6.14613044 -0.49411765]
[-1.60241084 11.48462464 -1.30588235]
[10.77599445 10.48443151 -1.6       ]
[ 2.05203722  9.22340501 -0.61176471]
[10.58723156  7.58617212 -0.57647059]
[11.93619901  5.75446856 -1.10588235]
[ 8.77236777  8.14560253 -2.        ]
[11.92585323  7.3759669  -1.27058824]
[ 8.64543462  7.50468662 -0.25882353]
[ 8.70254168  8.97035169 -1.05882353]
[ 8.60369355  6.57818947 -1.95294118]
[ 8.59552496  7.90219381 -1.38823529]
[ 8.58010723  8.47338144 -0.56470588]
[ 8.53095646 11.37530043 -0.44705882]
[ 8.52111941  7.77276087 -0.4       ]
[8.34826996 7.89508687 0.14117647]
[11.98004294 11.40203227 -1.69411765]
[8.35549896 6.72058647 0.21176471]
[ 8.32635714 11.60150832 -0.02352941]
[11.9950538   8.1548844  -1.55294118]
[ 8.2750154   8.87934665 -2.02352941]
[ 7.95505382  8.81903784 -1.01176471]
[ 7.92998994  9.40225069 -2.        ]
[ 7.85024186  6.8029994  -0.89411765]
[ 7.65047754 11.22234367 -0.8       ]
[ 7.63087964  9.47653625 -1.05882353]
[12.47277641  7.99767236 -1.12941176]
[ 8.77467811 10.73063057 -0.21176471]
[10.3283057  11.60496266  0.54117647]
[10.35159378  9.54973195 -1.48235294]
[10.49899014 11.09718967 -0.51764706]
[10.59630023  9.92239364 -1.62352941]
[10.60147015 10.35518008 -0.91764706]
[11.52009646 11.44709585 -1.55294118]
[10.69976015  8.06988725 -0.61176471]
[10.74946283  9.44868991 -0.98823529]
[10.79522172  6.99464442 -1.81176471]
[ 9.02618106 10.95477342 -0.25882353]
[10.87488219  9.67326193 -0.8       ]
[11.46937019  8.07619864 -1.10588235]
[11.42992354  7.3968234  -0.18823529]
[11.0460148   7.97151318 -2.04705882]
[11.07622051  5.6692321  -0.75294118]
[11.37163899  8.17789832 -0.56470588]
[11.37944343  7.57856876 -0.70588235]
[11.25370512  8.40232904 -0.72941176]
[11.14853691 11.38079247 -1.43529412]
[10.8751461   8.93034496 -1.12941176]
[ 8.85290888  7.17448298 -0.63529412]
[ 8.85415105  7.97218097 -0.28235294]
[11.85140964  6.35431373 -1.67058824]
[ 8.89542679 10.32284562 -0.82352941]
[ 8.90228389 11.54552045  0.09411765]
[11.75296758  7.99768059 -0.77647059]
[ 8.9304153   9.27854958 -1.08235294]
[ 8.94568057  9.53001991 -0.54117647]
[ 9.15293938  6.35011314 -2.        ]
[10.17503782  9.44917042 -1.24705882]
[11.75213364  6.97668786 -1.22352941]
[ 9.49873514  7.59954748 -1.90588235]
[9.59853313 8.59862362 0.47058824]
[ 9.59955929 11.22763591  0.09411765]
[ 9.61986392  8.5754988  -0.16470588]
[ 9.72291607 12.1214484   0.42352941]
[10.05308247 10.9008036  -0.98823529]
[10.07942064  6.02492873 -0.89411765]
[11.65480511  8.90061217 -0.54117647]
[11.62627759  7.50188098 -0.54117647]
[ 9.1488798   7.59610227 -0.37647059]
[-8.77517461 12.00332653 -0.77647059]
[-5.38041412 12.15435168 -1.24705882]
[-5.17282841 11.99790641 -0.11764706]
[-4.7017053  12.42977165 -0.23529412]
[-4.19594816 12.12489336 -1.12941176]
[-4.12690758 12.39970485  0.54117647]
[-3.46947546 11.47992841 -2.18823529]
[-3.2460026  12.40253904  0.51764706]
[-2.84512389 12.4051153   0.4       ]
[-2.77579007 11.91966757 -0.16470588]
[-2.39857188 12.39837345  0.42352941]
[12.27233629  5.99716501 -1.08235294]
[-1.55328048 12.29608004 -1.64705882]
[-1.20328748 12.35291696 -1.88235294]
[-0.91939885  2.87495236 -2.09411765]
[-0.52718286  9.97671774 -1.24705882]
[-0.40565768  2.24536123 -1.83529412]
[-0.39474504  9.62646297 -1.90588235]
[-0.19761584 11.72818443  0.02352941]
[-0.10317598 11.32758747 -1.24705882]
[ 0.02802824 12.25294312  0.21176471]
[ 0.0789528  11.8695066   0.23529412]
[ 0.15303347 10.32421668 -2.        ]
[-1.79404396 12.42018669 -1.90588235]
[-12.47995992   7.02961923  -1.74117647]
[-12.47611007   9.92958576  -0.61176471]
[-12.47030171  10.37097066  -1.03529412]
[-12.39735739  11.6789992   -1.31764706]
[-12.20119726   8.2736603   -0.68235294]
[-12.02420811  10.20061196  -0.28235294]
[-11.92529144   8.7967849   -0.09411765]
[-11.92437601  10.50373382  -1.48235294]
[-11.47172808  10.72985287  -0.56470588]
[-11.42334691  11.22218722  -0.37647059]
[-11.38048143  10.11924677  -0.47058824]
[-9.22068888 12.27883064 -0.70588235]
[-11.37948572  10.70594745  -0.91764706]
[-11.35170093  12.47650636   0.98823529]
[-11.24474267   9.99826774  -1.90588235]
[-10.95496276  11.95282579  -1.62352941]
[-10.84907149  11.74749545  -1.34117647]
[-10.83079085  12.27279809  -1.01176471]
[-10.64439679  12.05443327   0.72941176]
[-10.44616224  12.27572568   0.56470588]
[-10.42611139   9.32706532  -2.09411765]
[-9.8206985  10.45052392 -2.09411765]
[-9.32204048 11.82455805 -0.8       ]
[-11.37714452  10.3198488    0.02352941]
[ 2.94873435 11.17530869  0.49411765]
[ 3.2471543  11.12928069 -0.51764706]
[ 3.79516683 10.74717171 -0.54117647]
[ 4.25223664  9.44605959 -0.65882353]
[ 4.34949838  9.75454294 -0.49411765]
[ 5.02385033 10.40288744 -0.35294118]
[ 5.65518312  7.07359746 -1.71764706]
[ 5.92305891 10.17896528 -0.49411765]
[ 6.12555801  8.35338539 -2.07058824]
[ 6.15381311  8.69517809 -1.10588235]
[ 6.24814144 10.32848536 -0.30588235]
[ 0.4036236  11.12249411 -1.22352941]
[ 6.57224462  8.85203608 -0.84705882]
[ 6.67774653 10.12104049  0.28235294]
[ 6.67292916 11.2027427  -0.42352941]
[ 6.69695344 11.7298332  -0.11764706]
[ 6.72629811  9.0535332  -1.27058824]
[ 6.82585841  9.07145952 -1.67058824]
[ 6.87419781 10.80147504 -0.68235294]
[ 6.92168861  8.79425494 -1.92941176]
[ 6.94507635  8.52284763 -2.09411765]
[ 7.20272148 11.27746     0.02352941]
[ 7.3528247  10.22869705 -0.28235294]
[ 6.57100607  8.82241423 -1.50588235]
[ 0.45123903 11.24533045 -0.94117647]
[ 0.75294045 10.82142295 -0.63529412]
[ 0.82060777 11.89883972 -0.25882353]
[ 0.98016878  9.94831488 -2.02352941]
[ 1.00218708 11.29479554 -1.17647059]
[ 1.05252799 11.59548737 -1.24705882]
[ 1.09877244  9.67315597 -1.34117647]
[ 1.12885314 11.97018927 -0.16470588]
[ 1.32097308 11.62421782  0.14117647]
[ 1.40265517 11.97353178  0.28235294]
[ 1.40507171 12.24999972 -0.47058824]
[ 2.45494901 12.32960786 -0.82352941]
[ 1.49490329 11.65135997 -1.55294118]
[ 1.54974764 -2.47740542 -1.34117647]
[ 1.57571042 11.94946851 -1.69411765]
[ 1.80070189 11.39939663  0.51764706]
[ 1.82665088  9.47394149 -0.77647059]
[ 1.95126578  9.27783052 -0.23529412]
[ 2.06956605 10.79555875 -1.78823529]
[ 2.10521341 11.17777496 -1.36470588]
[ 2.35039457  8.93048234 -0.82352941]
[ 2.43045625 11.626432    0.44705882]
[ 2.42656593 11.85520957  0.        ]
[ 2.45331209 11.75426503 -0.70588235]
[ 1.49983807 11.59740212 -1.97647059]
