[ 9.11494205  6.29023298 -0.53382353]
[ 1.14010502  3.07897349 -1.17923027]
[-10.45176871  11.25631866  -0.53417153]
[ 5.99008365 11.53132692  0.24821872]
[11.97957686  3.84343343 -1.84812834]
[-12.24876265   9.62240324  -1.32287582]
[-12.22119542  10.3468402   -0.76911765]
[ 3.9738689  12.04252989 -0.48403361]
[ 8.09167747  9.64330659 -1.5512605 ]
[ 8.00717765  7.36860352 -1.9040724 ]
[ 7.33883671  9.85106165 -1.61830065]
[10.48187007 10.16884317 -2.06764706]
[-10.97553839  12.3203745    0.50294118]
[ 7.33420821 12.24044434  0.15462185]
[ 8.86385618  7.2189149  -1.44313725]
[12.07240606  5.1617801  -0.29019608]
[-8.23194842 12.20418227 -1.93411765]
[10.63011831  5.45985213 -1.65176471]
[-12.09333349  11.81318168  -1.55764706]
[ 7.24466175  7.71867518 -1.80235294]
[10.92421719  5.63712379 -0.22117647]
[-12.31111415  11.09179875   0.76235294]
[-12.04901921  10.77832082  -0.02823529]
[-10.59207609  12.25753573  -1.65294118]
[-12.05201145  12.16647491  -1.2       ]
[-10.01061687  10.82514281   0.86470588]
[-12.10539949  12.27443333   1.03529412]
[-11.94291386  11.64406873   0.80588235]
[ 9.5683774   8.91699165 -0.04705882]
[ 6.52125567  8.64459161 -1.82941176]
[10.11012819  6.77014457 -1.98431373]
[-11.22369109  12.27375213  -0.36862745]
[ 4.51097784 12.38993059  0.54117647]
[9.76233692 3.94336984 0.15686275]
[-12.263893    12.29261566   0.77647059]
[12.30762132  1.80302309 -1.95294118]
[ 7.49998862  9.45144901 -0.65882353]
[ 8.06392807  8.8078164  -1.45882353]
[ 7.99559695  6.89991738 -2.00784314]
[12.37466883  3.70565613 -0.65882353]
[9.02482064 9.11451262 0.25882353]
[ 8.61309065  7.24828772 -0.58823529]
[ 1.91015176  4.09052578 -1.11764706]
[8.76531752 7.41189427 0.72941176]
[ 8.33491153 10.18535714  0.35294118]
[ 8.67140349  8.37496577 -1.54117647]
[ 8.95192498 10.22605075 -0.89411765]
[-9.14895784 12.3018302  -1.70588235]
[ 9.02325716  8.66704541 -0.65882353]
[9.90986547 8.07997032 0.55294118]
[ 9.87209476  6.02569995 -0.17647059]
[ 6.61293096 10.5478771  -0.10588235]
[ 6.73545916  8.21199773 -1.07058824]
[ 6.81324567 12.36708637  0.78823529]
[ 6.81203304  8.03289783 -1.8       ]
[7.27644848 8.51624591 0.78823529]
[ 9.51213431  7.54776844 -0.65882353]
[ 9.51593969  9.90407303 -1.52941176]
[ 8.17294269  9.82286699 -0.08235294]
[7.70286151 7.95950138 0.92941176]
[-9.51514353 12.33615277 -0.47058824]
[-11.98554917  10.76000738  -1.94117647]
[-11.86427724  11.00023118  -1.62352941]
[-11.62842169  10.83664568   0.37647059]
[-12.0389857   10.0353662    0.83529412]
[-11.7125652   11.91470404  -1.76470588]
[-11.6228437   11.67271314  -0.42352941]
[11.75269279  3.72807684 -0.43529412]
[11.71326155  5.16422407 -0.70588235]
[11.57913217  5.95543674 -0.02352941]
[11.45801211  6.2149708  -1.56470588]
[-10.9209387   11.23920595   0.88235294]
[-10.76500362  11.42523257  -0.74117647]
[-10.70158512  11.79236303   0.6       ]
[12.2057048   4.02565456 -1.14117647]
[12.37178442  4.99955471 -0.88235294]
[11.29466428  3.61969717  0.50588235]
[-12.47215482  11.71667586  -0.72941176]
[10.52386954  7.03905665 -1.69411765]
[-12.42134849  10.80959231  -1.48235294]
[-12.44951556  11.18460295  -0.97647059]
[12.46224802  1.08897435 -1.38823529]
[-10.15107797  11.07179755   0.54117647]
[-9.80967965 11.69036398 -1.61176471]
[11.19989543  6.3839503   0.29411765]
[11.24958189  6.2386137  -0.05882353]
[ 9.44440106  3.89516686 -0.72941176]
[11.90561794  5.69767379 -0.42352941]
[ 9.47207153  6.91986108 -1.29411765]
[11.87382826  4.8986019   0.4       ]
[9.47133371 7.52715746 0.77647059]
[ 9.35290092  4.719538   -0.30588235]
[ 9.4997038   9.14878298 -1.90588235]
[11.77441734  7.0754009  -0.4       ]
[ 8.69961347  8.74404214 -1.97647059]
[ 8.72204514 10.42541804 -0.30588235]
[ 9.12512868 10.57720168  0.49411765]
[ 9.09768049  5.54536151 -2.        ]
[12.12985446  3.39842516  0.89411765]
[ 8.78015827  3.85156418 -2.        ]
[12.40179928  2.94438351  0.16470588]
[ 9.06930042  7.20018228 -1.05882353]
[9.05305331 9.55272767 0.23529412]
[ 8.85147651  9.70287201 -1.64705882]
[12.35586272  6.97532997 -0.56470588]
[12.35479354  5.47791613  0.09411765]
[11.929055    5.40513997 -0.35294118]
[10.95312413  5.8017939   0.25882353]
[10.72806294  6.82982983 -1.41176471]
[10.57367328  3.00478231 -0.44705882]
[10.99710923  3.50206698 -1.03529412]
[11.07223632  9.84601096 -1.92941176]
[8.65564229 9.37466437 0.75294118]
[10.40534586  7.29615504 -1.88235294]
[10.40551626  3.71945737 -0.94117647]
[10.30559578  5.6715125  -1.78823529]
[10.22723832  7.92634954  0.04705882]
[10.19463076  4.80536227 -2.07058824]
[11.20566963  6.0968638  -2.07058824]
[10.0714137   6.56964424 -0.18823529]
[11.38039253  5.22790571  0.09411765]
[ 8.67805593  7.37013811 -2.02352941]
[10.02762352  8.12494872 -1.57647059]
[ 9.87756847  7.52009251 -1.67058824]
[11.50453956  7.64766703 -0.58823529]
[ 9.80229756  9.27283343 -0.44705882]
[ 9.74713111  6.57223072 -1.78823529]
[11.6448849   6.52419574 -0.18823529]
[ 9.67545589  9.67919602 -0.37647059]
[ 9.62946843  9.67049215 -1.36470588]
[11.7008185   2.70255356 -0.16470588]
[9.60540579 7.97178288 0.44705882]
[11.70386198  4.5732962   0.28235294]
[11.6950952   5.25568242  0.37647059]
[ 9.59478326  7.77958705 -1.97647059]
[11.72237796  5.25221444  0.        ]
[10.0194657   8.75567514 -1.01176471]
[-11.5800834   11.15578117  -0.35294118]
[-11.57872424  11.60361621  -0.77647059]
[-11.57923346  12.2478105    0.54117647]
[-11.45292065  12.42462173  -1.97647059]
[-11.37511251  12.030843    -1.52941176]
[-10.57617849  12.35203252  -1.29411765]
[-10.57683539  12.37207458   0.37647059]
[-10.52588143  11.85278036  -1.6       ]
[-10.4993619   11.31980219   0.58823529]
[12.42745251  3.77136715 -1.15294118]
[-10.47583512  12.47927362   0.04705882]
[-10.32302851  10.5980362   -1.45882353]
[-9.4752597  12.40474892 -1.62352941]
[-9.22157652 12.02862916 -1.48235294]
[-9.07687311 12.34490147 -1.2       ]
[-8.87270908 12.07234567 -1.71764706]
[-8.54447399 11.62912651 -0.47058824]
[-6.35002178 12.40265065 -1.78823529]
[-5.9790057  12.10044911 -1.88235294]
[-10.47221032  11.02905347  -2.09411765]
[-12.47782207  10.69719275  -1.76470588]
[-12.42372791  11.69647208  -0.28235294]
[-12.42516841  11.77537875   0.75294118]
[-12.3780972   10.95005534  -0.35294118]
[-12.35254902   8.84419548  -1.78823529]
[-12.30132719  12.4751054    0.32941176]
[-12.27826516  10.91945785  -1.01176471]
[-12.22024669   9.24654173  -1.76470588]
[-12.19713427   9.27756626  -0.96470588]
[-11.70546629  10.40333048  -0.37647059]
[-12.12218656  11.85537063  -0.72941176]
[-12.0485888   11.12687607  -0.23529412]
[-12.03089765  11.17654963  -1.31764706]
[-11.98059891  11.13026599   0.42352941]
[-11.94958373  10.55324846  -1.31764706]
[-11.94530273  10.702783     0.16470588]
[-11.94530192  11.44520199  -1.10588235]
[-11.92297535  11.5790036   -0.70588235]
[-11.72668041  10.10076071   0.89411765]
[-12.1300067   11.20223188  -0.8       ]
[ 7.59781641  6.22490139 -1.85882353]
[ 7.63034832 10.34770081  0.4       ]
[ 7.64505813  7.99554924 -0.91764706]
[ 7.67755002 11.42676575  0.23529412]
[ 7.85016283  6.61910151 -1.92941176]
[ 7.95326704 10.5807017  -0.49411765]
[ 8.00261124  8.19831081 -2.02352941]
[ 8.0719029  10.14478453  0.56470588]
[ 8.09516035 10.17119885  0.07058824]
[ 0.3525025   2.30199581 -1.88235294]
[ 8.20292998  7.19877562 -1.52941176]
[ 8.19400555 10.04935799 -0.49411765]
[8.27017018 9.77358838 0.28235294]
[8.42914324 7.52530017 0.8       ]
[ 8.45001746  3.77334484 -2.07058824]
[ 8.45186937 10.09644996 -1.45882353]
[8.52450495 5.82822817 0.72941176]
[ 8.60515872  4.95506933 -1.31764706]
[ 8.6298723   7.02173116 -1.97647059]
[8.15266811 7.75314887 0.54117647]
[ 0.62082754 -9.32910203 -1.29411765]
[ 3.122043    3.57673296 -2.09411765]
[ 3.50206005  3.85394117 -1.50588235]
[ 4.12951209 11.69913699 -0.63529412]
[ 4.22222904 12.12619758  0.49411765]
[ 5.35193038 12.35011967  0.23529412]
[ 5.50013972 12.15360838 -0.25882353]
[ 5.77093862  9.59569418 -0.58823529]
[ 5.97095103 12.1762923  -0.09411765]
[ 7.52303434  7.37553996 -1.67058824]
[ 6.39936497 11.14534991  0.8       ]
[6.47402492 9.12229421 0.56470588]
[ 6.60321854  7.84981054 -0.56470588]
[ 6.86902543  9.95544375 -0.4       ]
[ 6.97606532  7.34846305 -2.02352941]
[7.0996034  7.52025064 0.32941176]
[ 7.19544752 10.15572639 -1.03529412]
[ 7.32444139  7.87667976 -0.35294118]
[ 7.47215407  6.92839247 -1.85882353]
[ 7.50096184 10.12745778 -0.32941176]
[ 6.17846339 12.4791559   0.25882353]
