[ 0.7802834   3.05647168 -1.10823408]
[ 3.12965228  3.37542251 -1.28333724]
[ 3.19664033  2.67810152 -1.63423662]
[11.4806344   7.81594383 -2.09921569]
[11.83676759 11.74127435 -2.07179487]
[-5.43022707 -4.45155932 -1.77189542]
[11.44157526  3.67964639 -2.09518717]
[-8.17539627 -9.26600073 -2.01568627]
[12.2668582  -0.46510479 -2.10420168]
[ 9.97842143 10.70387558 -2.10980392]
[12.3100156   0.60514123 -2.12705882]
[12.22957364 -2.10885587 -2.08941176]
[12.30801832  9.99857734 -2.01764706]
[10.39960499  6.51521532 -2.03137255]
[10.14365319  7.20712146 -2.10196078]
[ 9.93703289  3.76622838 -2.07058824]
[10.68940761  1.69020764 -2.11764706]
[10.933356    0.41246397 -2.03529412]
[11.97474863  2.18681689 -2.09411765]
[12.09259683 -3.44751226 -2.12941176]
[ 8.92648748 11.89736214 -2.10588235]
[ 8.91147519  6.39256853 -2.12941176]
[10.83523332  0.94869921 -2.12941176]
[11.97531767 -5.09407272 -2.16470588]
[11.22276698  4.84953802 -2.04705882]
[12.1461376   1.6750747  -2.07058824]
[12.1981152  -4.30582933 -2.16470588]
[11.02142742  0.05458976 -2.11764706]
[12.32477872  1.32672976 -2.11764706]
[10.97814974  5.57100441 -2.04705882]
[12.42685355 -1.59893203 -2.16470588]
[-0.245049    3.89785801 -2.09411765]
[ 0.0459004   4.4703909  -1.95294118]
[ 1.9206971   4.09725253 -1.17647059]
[ 2.04985382  3.74880343 -1.76470588]
[ 3.45345283  3.48077486 -2.09411765]
[ 7.84555834  6.15381724 -2.18823529]
[ 8.05303011 10.56953208 -2.16470588]
[ 8.15541221  3.52751183 -2.04705882]
[12.35578018 -2.62051816 -2.16470588]
[ 9.80394825  0.64976744 -2.04705882]
[ 9.91924526  4.57182532 -2.14117647]
[10.15340718  3.02890259 -2.09411765]
[10.34537422  2.67567283 -2.02352941]
[10.4274061   3.80543302 -2.        ]
[10.59772857  1.34892318 -2.16470588]
[10.76965253  6.17874314 -2.07058824]
[10.85100316 -2.1726895  -2.11764706]
[ 9.40500489  1.94401991 -2.16470588]
