[ 0.99364318  3.13257242 -1.03291732]
[ 3.15862021  2.76691443 -1.65425253]
[ 8.83719009 -4.57956627 -1.52592593]
[12.20969555  3.67534115 -2.14117647]
[ 2.34919743 -6.43529118 -0.96470588]
[12.44632619  1.42639074 -2.09411765]
[12.12086529 -3.77919472 -2.16470588]
[11.82455547  4.83064412 -2.11764706]
[11.25528082 11.00099886 -2.16470588]
[11.15189657 10.17562563 -2.18823529]
[10.97069669  7.40304812 -2.11764706]
[10.54989718 -7.96906239 -2.18823529]
[10.22655098  7.89986595 -2.16470588]
[ 8.94817774 -5.00575522 -2.16470588]
[ 3.35180241  3.64455597 -2.02352941]
[ 1.96935166  3.82821286 -1.83529412]
[ 1.85515294  4.12251918 -1.27058824]
[ 1.82207538  4.22775862 -1.67058824]
[ 1.75385383  3.17788952 -2.04705882]
[12.37088065 -4.22387153 -2.14117647]
