[ 6.33743312  8.12157629 -0.56860821]
[ 1.11486978  3.06585042 -1.21967933]
[-1.8828628  11.76545394 -1.41491878]
[-11.03437342  11.9959928   -0.34996904]
[-11.85399505   9.86755154  -0.6859335 ]
[-9.06653692 12.31048467 -0.77720588]
[ 6.13808144 10.03226319  0.33582888]
[ 1.8526015   9.72225152 -1.33333333]
[ 4.70675008 11.34478474 -0.30374332]
[ 9.87348625  7.61937572 -1.22352941]
[ 4.32626182 10.70500142  0.41176471]
[-3.96088555 12.29698674 -1.53464052]
[ 9.25820266  8.72049422 -0.53529412]
[-11.0099175   11.05667019  -1.94411765]
[12.01377707  8.38996467 -0.59495798]
[6.245606   9.44388548 0.24705882]
[ 6.99669049  8.37588417 -1.67058824]
[11.18690108  3.87864024 -1.23921569]
[ 9.7357147   8.48667768 -0.98039216]
[-11.84026101  11.41281988  -1.53333333]
[11.32785658  8.01610644 -0.42823529]
[ 8.90028654  8.91629843 -0.46588235]
[ 9.58662856  7.74938957 -1.79294118]
[11.28701926  5.90147918  0.22941176]
[ 6.43138343  8.66982618 -1.38235294]
[ 8.89608192  8.0521736  -0.21764706]
[-12.41361232   8.33604521  -1.8       ]
[ 1.97869243 11.82117852  0.29411765]
[8.9847181  6.64450048 0.74117647]
[-3.74353794 11.68214802 -1.66470588]
[7.68598276 8.69533155 0.44705882]
[-12.30014594  10.53954002  -0.53529412]
[ 8.73871647 10.1380267  -0.32941176]
[-1.93210841 11.98945592  0.62941176]
[-1.30839872 12.28357462  0.69411765]
[ 9.28375629  9.2767127  -0.28823529]
[ 3.89051073 11.24514566  0.49411765]
[-3.63520621 12.29051793 -0.07843137]
[-10.30698608  11.27408783   0.58039216]
[11.54186313  7.76733488  0.01568627]
[10.93629665  9.75978153 -0.88627451]
[-0.3403118  12.46719625  1.1372549 ]
[-12.2648803   11.38475953  -0.2745098 ]
[ 9.46410034 10.09249361 -0.36862745]
[-11.03396125   9.72497516   0.09411765]
[-12.30149349  11.02247037  -1.56862745]
[-11.75891517   8.0859847   -1.89019608]
[ 9.9433116  10.40168894 -0.19607843]
[-11.67067228  10.72429635  -0.78431373]
[-11.56993814  11.86570708  -1.6       ]
[-11.39475294  12.2735785   -1.92941176]
[ 4.19748733 11.43425267  0.15294118]
[ 2.91174044 10.50123898  0.8       ]
[-0.26295192  3.79745972 -1.05882353]
[ 4.70259607 10.91219161  0.56470588]
[ 3.06018386 11.85268095  0.        ]
[ 4.21419282 10.83284153 -0.56470588]
[ 3.52611275 10.17369423 -0.58823529]
[10.03481758  7.17154    -0.30588235]
[ 4.7776333  10.68794978  0.09411765]
[ 1.92133779  4.10437888 -1.29411765]
[ 1.78228192  3.65340461 -1.61176471]
[ 3.5154948  11.67823606  0.51764706]
[10.20245132  7.99967207  0.24705882]
[-0.09304423 12.46186111 -1.85882353]
[ 1.06034656 12.22731581 -1.14117647]
[10.57695129  9.29721515 -0.31764706]
[10.19735602  7.53950985 -2.        ]
[ 0.38404673 10.17271342 -1.94117647]
[-0.95162582  2.90583659 -2.05882353]
[11.87500657  7.35063727 -0.36470588]
[ 6.7375699   8.92323266 -0.12941176]
[-11.89484572   9.76171287  -1.10588235]
[-11.90242473  11.99986251  -1.23529412]
[12.23620845  7.25484131 -0.2       ]
[-11.97815233   8.51210199  -1.87058824]
[-1.20138972e+01  1.04766808e+01  1.17647059e-02]
[ 7.46046613  9.35149866 -0.15294118]
[-12.2622626   12.45120121  -1.30588235]
[ 8.47211543  9.40327047 -0.49411765]
[-12.27316651  12.43225648  -0.28235294]
[-12.21011142  12.16087874  -1.83529412]
[-12.32928585   9.02553647  -0.82352941]
[12.37555123  6.87697381 -0.94117647]
[-12.4925519   11.88928519  -0.30588235]
[8.0986337  6.77984855 0.72941176]
[-12.2340048    9.05916154  -1.96470588]
[-1.06295844 12.3619502   0.38823529]
[-1.8870269  12.02426158 -0.44705882]
[-9.62815176 11.77314532  0.18823529]
[-9.76312057 12.34981833 -2.07058824]
[-10.18545355  12.38963575  -1.69411765]
[11.92287992  5.19849898  0.2       ]
[-10.74881393  10.68561416  -1.68235294]
[-11.06483279  10.60104061  -1.81176471]
[11.68681318  7.82760403 -0.51764706]
[11.86098934  5.79952162 -1.63529412]
[11.82603987  6.12697116 -1.98823529]
[ 7.27524368  8.48321927 -0.34117647]
[9.55006383 9.87086836 0.21176471]
[ 9.62748043  6.9964121  -0.87058824]
[8.720672   6.52152506 0.4       ]
[ 8.64515418  7.84602668 -0.23529412]
[8.5994167  7.45078893 0.72941176]
[ 9.67609512  9.82166618 -0.4       ]
[9.17621653 8.95241901 0.04705882]
[ 8.34869162  9.82668561 -0.51764706]
[ 9.15006262  7.74416567 -0.32941176]
[ 9.14728785  9.32602435 -0.75294118]
[10.92711259  6.77768234 -2.04705882]
[11.02248222  5.37704673 -0.16470588]
[11.1264307   4.95573524 -0.18823529]
[11.16959961  8.67787588 -1.36470588]
[11.54501808  5.97952302 -1.90588235]
[11.54730335  9.85407144 -1.43529412]
[11.57571715  5.62435984 -1.95294118]
[ 8.12924273  8.419553   -0.94117647]
[11.60550889  7.04502269 -2.        ]
[11.63009376  8.62021605 -0.44705882]
[11.85593369  6.85479677 -1.31764706]
[12.22352164  6.77539737 -0.32941176]
[12.27475555  5.87759507 -0.30588235]
[12.2992102   8.09530156 -0.58823529]
[12.31969772  7.27988272 -0.96470588]
[12.37176609  7.57342337 -1.88235294]
[11.60373931  5.59468041 -1.48235294]
[9.90461222 7.29836074 0.42352941]
[9.92105556 8.42669294 0.02352941]
[9.9526687  6.83093631 0.28235294]
[ 9.95349131  9.97376745 -0.47058824]
[9.9993596  7.65321671 0.35294118]
[10.00044828  9.12763816 -0.25882353]
[10.07329642  6.72490651 -1.43529412]
[10.80135269  6.4785995  -1.2       ]
[10.07199493  8.92364068 -0.94117647]
[10.24642263 10.87420476 -0.49411765]
[10.28016979  8.39611888 -0.14117647]
[10.40180593  7.71978489 -1.62352941]
[10.3962546   8.97332123  0.14117647]
[10.62369048  6.63059808 -1.97647059]
[10.7273831   8.37386776 -0.87058824]
[10.75473419  7.67220649 -1.03529412]
[10.07822979  7.57277853 -0.72941176]
[-10.47526333   8.62803429  -2.11764706]
[-10.42059781  11.25102618  -1.6       ]
[-9.69897044 12.47338394 -1.74117647]
[-9.15152603 12.47948397 -0.21176471]
[-8.82806894 11.94994055 -1.10588235]
[-7.77881848 12.47602092 -0.35294118]
[-5.31964316  1.76911434 -1.50588235]
[-2.27076415 10.62210247 -1.38823529]
[ 4.27241562 10.60503216 -0.30588235]
[-1.82069353 12.45573734 -0.96470588]
[-1.72402136 10.75499937 -1.95294118]
[-1.70271441 11.47244596 -2.18823529]
[-0.25225627 12.32199714 -0.89411765]
[-0.14817238 10.62746625 -1.81176471]
[-0.15502856 11.77943525 -1.17647059]
[ 0.35084385 11.56983082  0.56470588]
[ 0.62084685  9.69565257 -2.18823529]
[-1.87702085 12.45202858  0.4       ]
[-12.50413175  11.07832322  -1.24705882]
[-12.47635379  12.22155505  -1.29411765]
[-12.42651757  11.72113225  -1.6       ]
[-12.27256158  12.3770641    0.58823529]
[-12.02816562  11.98083329   1.17647059]
[-11.99996351  10.39531022  -0.58823529]
[-12.00322821  12.27805499  -0.07058824]
[-11.7760554   10.82480681  -0.42352941]
[-10.54440994  11.29947144  -2.04705882]
[-11.72761581  11.32432108  -1.10588235]
[-11.47294889  10.18073485  -0.07058824]
[-11.22477556   8.12202525  -2.11764706]
[-11.22122741   8.99925812  -0.75294118]
[-11.10382298  11.1296253   -0.32941176]
[-11.09534899  12.14768551   0.72941176]
[-10.74607423  11.82930108   0.82352941]
[-10.67487847  11.52339958  -1.52941176]
[-10.65393238  10.42086474  -2.16470588]
[-11.75342791   8.74797809  -1.97647059]
[ 6.12985876  8.52340483 -0.32941176]
[ 6.12743753  9.07349891 -0.4       ]
[ 6.21931708 10.49673631  0.04705882]
[ 6.37970136  9.40073376 -0.56470588]
[ 6.45135666  9.75002148 -0.63529412]
[ 6.52206992  8.33077123 -1.41176471]
[ 6.52406246  8.89574703 -0.82352941]
[ 6.65218031  6.42301079 -1.34117647]
[ 0.69457274 12.4743494   0.82352941]
[ 6.9469473   8.32585179 -1.17647059]
[ 7.32151591  6.5752537  -0.49411765]
[ 7.34631199  7.95258866 -1.36470588]
[ 7.371816    8.8973858  -0.18823529]
[ 7.67777079  9.75307366 -1.6       ]
[ 7.72779732  7.87716907 -1.03529412]
[ 7.72001749  9.67620426 -0.23529412]
[ 7.97899915  8.69839055 -0.49411765]
[ 7.97432061 10.12556645 -0.61176471]
[ 6.94863956  6.80215188 -0.61176471]
[ 0.72425031 12.47937501 -1.2       ]
[ 0.99928602 10.01911897 -1.90588235]
[ 1.36902997 11.42056401  0.02352941]
[ 1.8758245  12.2746306   0.32941176]
[ 2.04844104  3.74691357 -1.88235294]
[ 2.27666228 10.87317594  0.70588235]
[ 2.34438823 11.4026003  -0.37647059]
[ 2.42493868  9.47438927 -0.75294118]
[ 5.77354756  8.67140869 -0.35294118]
[ 2.8798353   9.49910699 -0.54117647]
[ 3.02069568 11.37082787  0.09411765]
[ 3.20375443 12.02263736 -0.61176471]
[ 3.20500492 12.34780763 -0.63529412]
[12.47898465  8.79804784 -0.63529412]
[ 4.64411915 10.07248231 -0.47058824]
[ 4.69893962 10.45116136 -0.18823529]
[ 5.41983028 10.09904832 -0.44705882]
[5.57891406 9.54976087 0.09411765]
[ 2.60157087 12.17677447 -0.63529412]
