[ 0.81456642  3.07113586 -1.04038715]
[ 3.0992192   3.14957541 -1.40780649]
[11.28888067  7.86095032 -2.08734891]
[11.62360243 11.46221613 -2.0583878 ]
[ 8.22475605 -5.93540123 -1.56398559]
[11.38477878  3.86770318 -2.08823529]
[ 9.80266928  7.21239368 -2.09411765]
[ 9.68022843 10.56911662 -2.10457516]
[10.34939092  6.56981443 -2.08470588]
[ 9.28177925 11.22403757 -2.12352941]
[ 1.86879611  4.09694481 -0.96470588]
[11.18944209  5.37637666 -2.05490196]
[10.73297555  5.98541728 -2.07058824]
[ 8.61422749 11.67925161 -2.0627451 ]
[12.21173125  1.79998224 -2.10588235]
[10.0355213   3.62250141 -2.10588235]
[12.39645881  0.4254872  -2.09411765]
[ 1.87858604  4.17510649 -1.45882353]
[11.8233863   2.84999021 -2.07058824]
[11.34790473 -0.78067433 -2.16470588]
[11.25459342  4.92290848 -2.14117647]
[ 3.18054014  3.24857772 -2.        ]
[ 3.5693827   3.27751297 -1.85882353]
[10.92275233  0.33054676 -2.        ]
[10.80060033  1.55577547 -2.11764706]
[ 8.25403004  5.25254937 -2.11764706]
[10.62734704  2.12590807 -2.14117647]
[10.55002709  2.93064028 -2.11764706]
[10.29874938  3.25178681 -2.14117647]
[ 8.95391723  6.12258515 -2.14117647]
[ 9.32852817  8.10299813 -2.11764706]
[10.00217525  5.04640136 -2.09411765]
[12.39964709  9.84958828 -1.97647059]
[ 9.74510611  4.60066627 -2.07058824]
[ 9.72796717  3.92241312 -2.07058824]
[ 9.44990449  5.44462512 -2.04705882]
[ 8.8253469   3.82553871 -2.18823529]
