[-10.22641203   2.49387371  -0.90905463]
[ 1.01515399  3.15749389 -1.11403225]
[-12.16307442   4.03255465  -0.65129412]
[-12.18865085   2.02041465  -0.65882353]
[-11.29563256   6.50542893  -1.84575163]
[-10.86039011   6.53724405  -1.63660131]
[-11.90347167   4.93470303  -1.04411765]
[-11.69066856   2.32508643  -1.55966387]
[-12.0984359    5.19556725  -0.43697479]
[-12.35435177   2.54083361  -1.44705882]
[ 1.89576427  4.21938247 -1.37254902]
[-11.56550237   3.78872483  -0.27764706]
[-11.82510369   1.03133836  -0.68705882]
[-9.01781112  7.39279937 -0.88235294]
[-11.75941038   7.26899314  -1.25882353]
[-7.92477248  7.05630966 -1.32941176]
[-12.26120853   5.10603363  -0.97058824]
[-11.40137518   6.21703155  -0.36470588]
[-12.30014949  -1.44371438  -1.74117647]
[-12.41757564  -2.53057406   0.28235294]
[-8.98990209  7.76814293 -1.75686275]
[-11.87407543   2.03239098  -1.86666667]
[-12.25527562  -0.95656657  -1.16862745]
[-11.75592814   7.63236472  -1.67843137]
[-10.24012191   3.78458356  -0.7372549 ]
[-11.39254896   2.73858721  -0.28235294]
[-11.42232752   2.50056807  -1.52941176]
[-10.5281649    3.0490095   -1.92941176]
[-11.38942192   0.94648457  -0.96470588]
[-11.48482843  -0.01238269  -0.45882353]
[-11.30163212   3.88291122  -1.22352941]
[-11.27892068   5.25349683  -1.35294118]
[-11.56264747   1.66281406  -1.87058824]
[-10.91511215   8.27700324  -1.74117647]
[-10.98471611   3.33556292  -0.2       ]
[-9.45039772  7.28423603 -1.65882353]
[-11.10017996   3.34972132  -0.57647059]
[ 1.74122454  3.71670342 -1.6       ]
[-12.08744501   1.21105553  -0.77647059]
[-8.61918594  7.43859622 -1.8       ]
[-11.88633208   3.38926376  -0.63529412]
[-11.82429545   0.09288042  -0.67058824]
[-8.8743507   6.75390403 -2.01176471]
[-12.48972544  -2.44758805   0.87058824]
[-12.45203369  -1.7022637   -1.27058824]
[-10.87187785   3.87183854  -0.44705882]
[-12.49882466  -0.56930847   0.65882353]
[-12.49941122   0.92399669  -2.09411765]
[-10.77285744   1.37852682  -1.38823529]
[-8.64583507  6.40145657 -1.97647059]
[-10.6303842    5.95113472  -1.92941176]
[-8.6803625   7.20142297 -0.72941176]
[-8.69867792  8.00570715 -1.41176471]
[-10.47083029   2.62790749   0.21176471]
[-10.42316956   7.72312754  -1.64705882]
[-12.47256855   5.52409666  -1.41176471]
[-10.22532191   2.09617622   0.44705882]
[-10.12305126   6.0009801   -1.76470588]
[-10.02213736   5.69593771  -1.78823529]
[-9.97548396  6.90368031 -1.52941176]
[-9.94701528  6.45038193 -0.58823529]
[-9.8223275   6.11990507 -1.52941176]
[-9.77258405  6.52598452 -1.38823529]
[-9.27228834  5.57790448 -0.09411765]
[-10.49492749   4.19726762  -0.96470588]
[-12.22010032   7.04596024  -1.64705882]
[-12.21989229   7.39400492  -1.36470588]
[-12.40425189   2.05346665  -2.        ]
[-12.40562271   1.37902039  -0.63529412]
[-12.04400028   2.30259247  -1.64705882]
[-12.02296822   3.63026693  -1.22352941]
[-12.00449507   2.08012269  -1.41176471]
[-12.40304839   1.08050994  -0.82352941]
[-11.924392     6.39458729  -1.6       ]
[-11.87067327   2.7467238   -0.30588235]
[-11.77751346   8.6782568   -1.34117647]
[-11.75364906   0.17319256  -1.90588235]
[-11.72900099   1.92446534  -0.89411765]
[-11.72251612   2.35423565  -0.70588235]
[-11.72565827   4.07690389  -1.17647059]
[-11.34638137   7.30207171  -1.74117647]
[-11.12530173   1.70431178  -1.6       ]
[-11.12313208  -1.65052556  -1.34117647]
[-11.17305501  -1.84945273  -2.18823529]
[-11.27148826   1.90294418  -1.08235294]
[-11.27266162  -1.42163381  -1.81176471]
[-11.35059017   4.05598162  -1.57647059]
[-11.42390186   5.01961518  -0.11764706]
[-11.73025025   7.00361159  -1.6       ]
[-11.45368818   0.52080773  -1.45882353]
[ 2.05397289  3.82932236 -1.78823529]
[-11.61964806  -0.34956089  -0.89411765]
[-11.65599021   3.87230256  -1.6       ]
[-11.67112874  -2.24536214  -0.98823529]
[-11.70154854   6.77721943  -1.29411765]
[-12.44938022   5.4202054   -0.44705882]
[-11.70335852  -2.22124113   0.14117647]
[-11.42151034   3.57474245   0.02352941]
