[ 1.03537761  3.11271725 -1.14293594]
[ 3.16394592  2.6890617  -1.67455882]
[10.60033065 -5.81208493 -1.67294118]
[-11.45244898  -8.03633288  -1.94248366]
[11.86688045  8.8496161  -2.1254902 ]
[11.81258664  9.32311978 -2.11764706]
[ 1.87758944  4.0746864  -1.17647059]
[ 1.97537035  3.71910841 -1.83529412]
[ 2.52219188  3.15589624 -2.02352941]
[-11.57093948 -11.91918642   0.04705882]
[ 3.37531953  3.45572765 -2.18823529]
[ 9.40251693 12.10397198 -2.16470588]
[12.32648525  2.95134881 -2.16470588]
[10.52180677 11.25553474 -2.16470588]
[11.2507503  10.14551453 -2.11764706]
[11.72150482  3.97646544 -2.16470588]
[11.95465674  4.52118551 -2.09411765]
[11.97948902  8.44627585 -2.11764706]
[12.15438547  7.47410715 -2.16470588]
