[ 6.81871471  7.90062062 -0.50996094]
[ 0.71445531  3.06081249 -1.15380311]
[-11.28111049  11.15134679  -0.90500439]
[ 3.15917733  3.16548743 -1.44080882]
[-0.88181933 11.81605242 -1.48011869]
[-11.58480643   9.31587977  -1.99084967]
[-11.51756592  11.82727164  -0.22352941]
[10.44263193  6.88172208 -1.84385027]
[ 1.81701957 10.19289887 -1.37176471]
[11.37686109  3.52652161 -1.27058824]
[ 6.22177831  8.24776818 -1.6130719 ]
[ 1.23398319 12.41385748  0.30588235]
[-12.09051567  11.7614194   -0.11764706]
[ 5.26814435 11.50236214 -0.28235294]
[ 9.56295765  9.09808473 -0.18529412]
[-10.52492208  11.67149279  -0.68907563]
[-12.32899577  10.99549411  -0.14117647]
[ 7.85818597  8.99732085 -1.78431373]
[11.59985008  8.34674388 -0.58431373]
[7.82500939 9.27639417 0.06588235]
[-0.79501477 12.3862004   0.47529412]
[12.26460194  8.08782949 -0.46588235]
[ 2.03372376 11.3464247  -1.73647059]
[11.28176261  7.64604691 -0.42941176]
[ 9.89015913  8.09434589 -0.85294118]
[7.94928598 8.52887885 0.37058824]
[7.5177034  8.8114374  0.44117647]
[-10.67690814  12.32862854   0.33529412]
[ 2.30730361 12.24151113 -1.39411765]
[10.4434857   7.41543924 -1.88823529]
[ 1.03128822 10.49825349 -1.93529412]
[-12.10671398  10.40029118  -0.29803922]
[11.5313644   7.87819882 -0.6745098 ]
[10.26679789 10.25950171 -0.17254902]
[ 9.30103075  7.51565668 -1.39607843]
[ 2.95790868 11.44969952 -0.21960784]
[12.13038866  9.80148643 -1.38039216]
[-10.4861713   10.81749335  -0.11764706]
[-10.5674457    9.03377238  -2.08627451]
[11.82463999  5.01136776  0.14117647]
[-11.30739246   8.62469366  -1.97647059]
[ 3.58808895 11.75801052 -0.49411765]
[10.33146509  7.28311626 -1.39607843]
[ 4.55976666 11.00610845 -0.11764706]
[ 4.65650542 11.38116673  0.32156863]
[ 8.87120682  9.74892154 -0.40784314]
[11.01643883  6.48666557 -1.96470588]
[10.92361921  9.17376268 -0.52941176]
[ 1.30973231  3.60048549 -1.55294118]
[ 1.84530801 10.77312874 -1.72941176]
[ 9.93781256  8.42986685 -0.41176471]
[ 1.88685023  4.124388   -1.22352941]
[10.18532375  8.13551967 -0.2       ]
[ 2.02495304  3.78661977 -1.89411765]
[ 2.17500528 12.30062894  0.09411765]
[ 2.26150776 11.83265787  0.35294118]
[10.28873623  8.90903659 -2.02352941]
[10.12832144  6.85401159 -0.24705882]
[-12.2983897    7.85996903  -2.10588235]
[12.13519727  4.91563015  0.25882353]
[12.22282113  7.05455887 -0.35294118]
[ 7.49701763 10.57309424 -0.52941176]
[12.01283652  7.53403612 -0.05882353]
[-10.51098775  11.12379298  -1.69411765]
[-10.114625    10.52339539  -0.03529412]
[-10.02452298  10.89103759  -2.11764706]
[7.06462769 9.19530885 0.34117647]
[-9.76269076 11.78701494  0.57647059]
[ 4.2787481  11.17688189  0.41176471]
[-9.56313855 12.2637113  -1.57647059]
[11.59941287  5.58587483 -2.03529412]
[ 0.70970963 12.42152287  0.63529412]
[9.76100588 6.50986308 0.87058824]
[11.41607746  7.58835109  0.02352941]
[10.17656063  7.55213799  0.30588235]
[-9.69610712 12.39767407  0.77647059]
[ 9.58582882  9.76643782 -0.28235294]
[ 9.79505525  6.4227327  -2.09411765]
[8.73006    8.02397365 0.09411765]
[ 8.60147301  8.92395849 -0.61176471]
[ 9.02493761  7.47423157 -2.11764706]
[ 9.8193695   6.34799275 -0.11764706]
[ 9.87012746  7.44660536 -1.88235294]
[10.00019589  7.57726825 -1.6       ]
[9.95342355 9.75491696 0.09411765]
[9.30571366 6.5280524  0.91764706]
[8.34680056 8.25501724 0.07058824]
[ 8.47317244 10.40235398 -0.49411765]
[ 9.57711142  6.02541403 -1.90588235]
[ 9.94985314  7.72879135 -0.28235294]
[8.55527311 7.40366822 0.68235294]
[ 9.92512554 10.54618382 -0.35294118]
[ 8.70236362 10.3955594  -0.75294118]
[8.67022197 7.6050584  0.25882353]
[ 9.24851205  8.20101767 -1.03529412]
[11.60227323  3.77522798 -1.90588235]
[11.7225816   7.29652998 -0.37647059]
[11.74596257  9.37882429 -1.17647059]
[11.97043485  4.15156279 -0.14117647]
[11.98043003 11.37755769 -0.91764706]
[12.02183906  8.94683051 -1.48235294]
[12.05511055 10.04618404 -0.14117647]
[12.08009464  8.40468173 -2.        ]
[ 8.35101985  8.59409128 -0.4       ]
[12.15264301  6.82918932 -2.02352941]
[12.14703847  7.44509629 -0.44705882]
[12.18097305  6.5750165  -1.2       ]
[12.21965148  6.44975895  0.11764706]
[12.24780382  9.18019818 -1.34117647]
[12.30598079  6.47177928 -0.8       ]
[12.34926343  7.25429593 -0.56470588]
[12.44981473  9.67379132 -1.34117647]
[12.09765282  5.4984484  -1.55294118]
[10.14528336  7.85271189 -1.12941176]
[10.17507084  7.51929571 -1.31764706]
[10.21961063  8.6284084  -0.87058824]
[10.24750067  7.72083418 -0.09411765]
[10.32401441  5.00402736 -2.07058824]
[10.45149073  6.89878918  0.35294118]
[10.52953052  4.84616891 -1.85882353]
[10.72163833  8.13028552 -0.4       ]
[11.57680228  8.55501075  0.4       ]
[10.7768611   9.01910067 -0.8       ]
[10.82007788  6.50498107 -0.21176471]
[10.88073849  4.22581715 -2.02352941]
[10.9442574   9.30155869  0.        ]
[11.15364338  7.97274015 -0.30588235]
[11.32058627  4.3977415  -0.84705882]
[11.34695822  9.59694345 -0.32941176]
[11.42787046  7.99628788 -0.11764706]
[11.42119683 10.19570741 -1.01176471]
[10.7703363   7.54919108 -1.48235294]
[-9.99802837 12.17576205  0.91764706]
[-9.87203401 12.25039566 -1.74117647]
[-9.77516141 11.39555713 -2.18823529]
[-8.7217993  12.47062409 -0.68235294]
[-8.19685245 11.82223607 -2.04705882]
[-1.8954938  11.29452506 -2.18823529]
[-1.27588333 11.48071903 -2.07058824]
[-1.00009101 10.4458398  -2.14117647]
[-0.62657673 10.89583254 -2.        ]
[12.40130268  6.77775518 -1.76470588]
[ 0.25593984 10.77194203 -2.02352941]
[ 0.24581168 12.45411585 -0.8       ]
[ 0.37621253 12.27580291 -1.92941176]
[ 0.48081498 12.15023473  0.65882353]
[ 0.80229783 11.50215411 -2.        ]
[ 1.10255252  2.84504348 -2.02352941]
[ 1.09412303 10.85256566 -2.16470588]
[ 1.3793978  12.37897823 -0.49411765]
[ 1.72592497  9.65361869 -1.2       ]
[ 1.80549506 11.2767093  -1.97647059]
[-0.07917539 12.25310403 -1.17647059]
[-12.47418225  10.39760803  -0.23529412]
[-12.4763096   11.92863074  -0.58823529]
[-12.44827652  10.6009846   -0.51764706]
[-12.42387674  12.33068143   0.        ]
[-12.35027868  11.44687617  -0.68235294]
[-12.22297514  11.55238946  -1.83529412]
[-12.18049327  12.45420262  -0.68235294]
[-12.15581922   9.10545449  -1.92941176]
[-11.97650269  12.40150951  -0.32941176]
[-10.49563724  11.67894276  -0.35294118]
[-11.69971814  12.12338659  -0.75294118]
[-11.30506896  11.6460294   -0.77647059]
[-11.27252786   8.22603056  -1.74117647]
[-11.11916884  11.87318226  -1.05882353]
[-10.995058     8.99765701  -2.09411765]
[-10.95363479   8.57407673  -1.64705882]
[-10.82035202  10.22865799  -2.04705882]
[-10.78003289   8.87767942  -1.69411765]
[-10.77000304   9.57103816  -1.85882353]
[-10.69519789   9.4954444   -0.72941176]
[-11.89860707   9.09611947  -1.74117647]
[6.14423819 7.90563626 0.65882353]
[ 6.37919645  8.52988926 -1.74117647]
[ 6.42831358  8.22195922 -2.14117647]
[ 6.47379804  8.77000913 -1.45882353]
[ 6.57941436  8.12499044 -1.05882353]
[ 6.69559428  9.05503099 -1.57647059]
[ 6.84916351  9.34737859 -1.24705882]
[6.87640698 7.66960465 0.96470588]
[ 6.94938584  8.50327944 -1.2       ]
[ 1.79711988 12.48095431  0.4       ]
[ 7.21990743  6.87637781 -1.74117647]
[7.26999526 8.85201418 0.02352941]
[ 7.37637874  9.87760781 -1.76470588]
[7.5746504  9.4690903  0.14117647]
[ 7.70413605  9.6758656  -0.07058824]
[7.74594217 9.10236385 0.75294118]
[ 7.85129395  8.3758214  -1.31764706]
[ 7.90211165  9.37095287 -1.24705882]
[ 8.22538804  9.30131797 -0.07058824]
[ 8.24919724  9.99755831 -0.11764706]
[ 6.9707514   8.17969961 -0.75294118]
[ 1.85370936 11.89969677  0.11764706]
[ 2.23076563  3.30047934 -2.14117647]
[ 2.22665857 11.99828182 -1.78823529]
[ 2.50389834 10.94670303  0.61176471]
[ 2.74905059 11.14803151 -0.56470588]
[ 2.85203768 11.97327137 -0.11764706]
[ 2.99899673 12.08092429  0.42352941]
[ 3.18062959 11.72998144 -0.42352941]
[ 3.27982469 11.02549549 -0.51764706]
[ 6.06969098  8.77503795 -0.4       ]
[ 3.45574426  9.27143702 -0.44705882]
[3.47264481 9.22234681 0.07058824]
[ 3.92271781 11.61933362  0.23529412]
[ 3.97667887 -2.67884329 -1.17647059]
[ 4.43078268 11.87949243 -0.23529412]
[ 4.8494267  11.45035494 -0.30588235]
[ 4.92027023 10.80339825 -0.16470588]
[ 5.07925068 11.20113103  0.47058824]
[ 5.29758214  9.02986578 -0.37647059]
[ 5.37125863 11.01975241  0.02352941]
[ 3.30091072  9.97381402 -0.61176471]
