[ 0.98103265  3.09199195 -1.14674417]
[ 3.13190364  2.68397089 -1.68596078]
[ 3.75736249 -6.35196595 -1.67529412]
[ 9.39970863 12.11478254 -2.11764706]
[12.37309353  8.06098614 -2.14117647]
[ 1.85030147  4.22963307 -1.6       ]
[ 1.8996366   4.09478002 -1.17647059]
[ 2.09576255  3.82211844 -1.92941176]
[10.17183918 11.2226677  -2.14117647]
[10.21947248 11.62987897 -2.16470588]
[10.525675    8.07114685 -2.16470588]
[11.40093061 10.12940137 -2.11764706]
[12.24458723  8.54422262 -2.11764706]
[12.35489987  8.95118495 -2.09411765]
[12.37476204  3.97291861 -2.14117647]
