[ 0.63917381  3.12611983 -1.11427707]
[ 3.1480901   3.39721946 -1.37678855]
[ 3.2023587   2.68836803 -1.72979749]
[-12.04096243   3.33972212  -1.67539016]
[-12.38161968  -2.05017003  -1.55735294]
[-12.38166579  -0.38725409  -0.62857143]
[-11.89437837   2.30879583  -1.94352941]
[-12.36961906   2.90720529  -0.70588235]
[ 2.02724142  3.42242047 -1.77647059]
[-12.50032495   3.77418245  -0.98823529]
[-12.43042315   3.376772    -0.25882353]
[-12.42591115   4.47760774  -1.55294118]
[-12.42918347  -1.45045828  -0.35294118]
[-12.22557683   3.04835673  -1.27058824]
[-12.44767954   0.32284461  -0.23529412]
[-11.93067467   3.18010298  -1.43529412]
[-12.5051606    1.1242995   -1.78823529]
[ 1.92562018  3.67946503 -1.52941176]
[ 1.95113747  4.14758905 -1.62352941]
[-12.48053112   3.64652082  -0.42352941]
[-12.47713513  -1.07346366  -0.82352941]
