[ 4.10470432  9.19738677 -0.58143534]
[ 0.66833607  3.15896776 -1.08851138]
[ 3.11029621  3.18427801 -1.50025856]
[-11.36395079  11.74708726  -0.04533716]
[-9.49210742 12.17164741 -0.69375   ]
[-3.98290942 11.93517093 -1.57098039]
[-12.06766806   9.41878681  -0.4855615 ]
[-11.40696095  11.4281052   -1.29764706]
[ 9.66368975  8.42023024 -0.48282353]
[ 3.9271327  11.6495741  -0.26968326]
[ 2.475636   11.56953508 -0.5918552 ]
[11.80524227  7.64162884 -0.7627451 ]
[ 8.07556096 10.26057054 -0.34823529]
[-12.14106935  11.01257999  -1.51372549]
[ 2.06855498 11.24723234 -1.68888889]
[-2.22644301 12.02404106  0.43398693]
[ 8.94288395 10.5639266  -0.27352941]
[-9.3846128  12.39462102  0.55294118]
[11.28106606  6.67874479 -1.64369748]
[-12.31635693  11.60540745  -1.54509804]
[11.43534382  8.90295954 -0.54117647]
[-11.67457347  10.65207568  -1.98039216]
[12.3552363   5.82419165 -1.08235294]
[-9.76686473 12.359753   -1.37882353]
[-10.87970516  10.6151151   -2.01882353]
[ 4.88507751 10.68657443  0.34823529]
[-12.17209823   7.69587975  -2.11764706]
[ 7.02635364  9.38916368 -0.38823529]
[-12.28307172   8.16776002  -1.94117647]
[9.29277008 8.12244013 0.22941176]
[-10.66194047  11.898035    -1.78235294]
[10.51427027  6.99871274 -1.42352941]
[ 7.13260997  9.81297188 -1.65294118]
[-2.41660547 11.88126845 -1.18235294]
[-2.68009122 11.60597425 -1.64705882]
[ 7.08529497 10.04762422 -0.42352941]
[8.61998715 6.30864776 0.55686275]
[-4.06648725 12.10165506 -0.03137255]
[ 6.37558288  8.59110244 -1.01176471]
[10.3494424   7.19636959 -1.99215686]
[10.15013     8.7265887  -0.94901961]
[ 9.49186823  9.501118   -0.44705882]
[ 1.92408761  4.22278691 -1.48235294]
[ 2.11573301 12.15351965 -0.56470588]
[ 2.48226583 12.10788445  0.25882353]
[-1.81032488 12.38274418 -1.78039216]
[12.27603263  7.88372086 -1.89019608]
[11.85557441  6.6758839  -1.22352941]
[ 8.60051563  9.55674779 -0.26666667]
[11.61739366  7.05880818 -1.10588235]
[-11.43438402   7.7331514   -2.07843137]
[-11.16279618  10.93614964  -1.6627451 ]
[-11.36569047  10.41474029  -1.78823529]
[-11.99970275  12.17840015  -2.        ]
[ 6.23889064  8.36047484 -2.01176471]
[ 0.70875913 12.36071104  0.31764706]
[ 1.02706066 11.01019319 -1.11764706]
[12.08591317  7.23710072 -1.22352941]
[ 5.86393812 10.06278667  0.71764706]
[12.13268194  5.68283364 -1.47058824]
[-12.28798693   8.83821831  -2.08235294]
[10.64857973  9.05129836 -0.69411765]
[ 1.87925268 11.790123    0.43529412]
[ 9.84739382  5.98722331 -1.05882353]
[-12.06407594  10.57352226  -0.64705882]
[-12.31227371  10.13954899  -1.02352941]
[ 3.47745653 11.62533224  0.03529412]
[ 9.44801816  8.92615434 -0.11764706]
[9.67365949 7.94754917 0.35294118]
[ 1.47259943 12.25069098  0.54117647]
[11.38554458  8.0010485  -0.43529412]
[11.38615545  7.42907467 -1.85882353]
[-10.07317847  10.24985493  -2.10588235]
[-9.27166057 10.95784891 -2.14117647]
[-10.25816647  12.12886316  -1.49411765]
[8.57964324 8.72399876 0.25882353]
[-11.97278974   7.46352943  -1.72941176]
[6.70318176 7.16089034 0.57647059]
[-4.22305482 11.31247701 -1.63529412]
[10.99653848  8.62409307 -0.49411765]
[-0.06568369 11.56265402 -1.87058824]
[-10.98699428  12.00029924   0.57647059]
[ 9.07045779  8.52648254 -0.82352941]
[-12.3645061   12.35030868  -0.36470588]
[ 8.9618663   7.37820447 -0.52941176]
[ 8.80464803  7.50201126 -0.02352941]
[ 9.09502948  7.33042904 -0.18823529]
[ 8.27759767  7.32531416 -0.44705882]
[ 7.92133982  9.49787037 -0.32941176]
[ 9.40057817 11.4269784  -0.30588235]
[ 8.12713287  9.25419669 -0.84705882]
[ 9.37283989  9.09465854 -1.03529412]
[ 8.97981861  7.75265057 -0.02352941]
[ 8.92747678  9.27496371 -1.01176471]
[ 8.39952579  8.72394359 -1.62352941]
[9.17104524 7.20471758 0.58823529]
[8.27611057 7.30032088 0.56470588]
[ 9.32145008  8.52109756 -1.29411765]
[ 9.32415464  7.58047435 -0.4       ]
[ 8.4033001   9.77746983 -0.61176471]
[8.62245901 6.25265788 0.14117647]
[ 8.19804615  9.78088479 -0.35294118]
[10.84509826  7.20098401 -1.92941176]
[10.87108837 10.42361217 -1.17647059]
[10.97827813  7.55032738 -1.90588235]
[11.00242758  9.67112114 -0.70588235]
[11.09616515  8.39936566 -0.94117647]
[11.1777581  10.14728614 -1.64705882]
[11.25228991  7.87217116 -0.87058824]
[-12.47031063  12.35288414  -0.87058824]
[ 7.97245931  6.62807463 -1.36470588]
[-12.50122197  11.778614     0.28235294]
[11.54422526  9.50254016 -1.6       ]
[11.5777283   9.26917381 -1.17647059]
[11.63018848  5.22471486 -1.90588235]
[11.62215025  7.6715493  -1.83529412]
[11.67425781  8.49785644 -0.58823529]
[11.72383561  5.57232285 -1.88235294]
[12.15587185  5.70043137 -1.85882353]
[12.15199932  6.67900811 -0.63529412]
[11.30385186  8.45028083 -0.72941176]
[ 9.56951837 10.65184986 -0.56470588]
[ 9.70512279 11.34695829 -0.32941176]
[9.72367912 8.44447612 0.49411765]
[ 9.77668993 11.79945649 -0.21176471]
[ 9.7973369   9.45053766 -1.15294118]
[ 9.82511813  6.97749669 -1.95294118]
[9.87123285 6.59556348 0.47058824]
[ 9.87993416  7.37977004 -1.97647059]
[10.77684507  6.82801963 -1.83529412]
[10.07297249  5.80149374 -0.87058824]
[10.2304699  10.49801993 -0.98823529]
[10.30536025  8.19563419 -1.01176471]
[10.32175461  7.77676602 -2.        ]
[10.44530195  7.22353645 -0.54117647]
[10.52984404  8.01905146 -1.17647059]
[10.5960317  10.42112574 -0.91764706]
[10.69872773  9.59436082 -1.08235294]
[10.72574739  9.32954702 -0.94117647]
[ 9.92709151  9.87927484 -0.30588235]
[-8.2004209  12.39872155 -0.70588235]
[-4.57106571 12.26906264 -0.14117647]
[-3.99595704 12.44918655 -0.09411765]
[-3.13070673 11.5200038  -1.69411765]
[-12.07587514   9.8463731   -0.07058824]
[-2.65049352 12.47562436  0.16470588]
[-12.10302217  11.33040402  -1.88235294]
[-2.05317614 10.37256973 -1.97647059]
[-2.05059312 10.6527586  -2.14117647]
[ 6.65401144  8.92839227 -1.22352941]
[-1.50077797 12.47811115  0.72941176]
[-1.45531946 10.68078261 -2.16470588]
[-1.32432388 11.94841369 -0.56470588]
[-0.03069894 10.94917457 -2.        ]
[-0.02076082 12.42834645 -1.50588235]
[ 0.5277314  10.12489578  0.58823529]
[ 0.74847392 12.22055212 -1.6       ]
[ 0.99589439 11.30061424 -1.57647059]
[ 1.05179661  9.50557055 -1.95294118]
[-2.00280859 12.42686096 -1.03529412]
[-11.69906457   8.72672563  -0.70588235]
[-11.78048811  11.02624433  -0.18823529]
[-11.67965728  12.37569005   0.54117647]
[-11.45130847  10.64847249  -0.32941176]
[-11.37106844  11.24636712  -1.95294118]
[-11.1772527   10.85091053  -0.58823529]
[-11.7698084    7.74937479  -1.95294118]
[-10.97608431  11.27373909  -0.65882353]
[-10.92387577  10.70517733  -0.25882353]
[-8.77349828 11.67214871 -0.58823529]
[-10.50143526  12.4215013   -2.07058824]
[-10.37410815  12.37434722  -1.71764706]
[-11.79416129  12.42717166  -0.63529412]
[-10.27655451  12.10231926  -2.        ]
[-9.94601168 11.954701   -1.08235294]
[-11.80390741  11.26938217  -1.01176471]
[-9.86928976 12.48082352 -1.71764706]
[-9.69591076  9.7724545  -2.09411765]
[-11.79537408  11.12180437  -2.04705882]
[-10.87349749  10.04992294  -2.09411765]
[ 6.37337338 11.00402032 -0.63529412]
[6.52774502 8.92672842 0.47058824]
[ 6.54720243  8.1723794  -1.24705882]
[ 6.59407463  9.29776939 -1.64705882]
[ 6.62154342  8.90257054 -1.71764706]
[ 6.6485136   8.59473422 -1.76470588]
[6.67754023 9.62487213 0.09411765]
[ 6.7281566   7.15438851 -0.54117647]
[6.87913417 9.8799361  0.25882353]
[ 1.39690741 11.60171824 -1.50588235]
[ 7.3746091   6.67204088 -2.09411765]
[ 7.37741098 10.22367837 -1.64705882]
[ 7.52505918 10.49911035 -0.49411765]
[ 7.5746703  10.42323903 -1.31764706]
[7.69450389 9.30494427 0.25882353]
[-12.43086928  11.77363207  -0.23529412]
[ 7.79718405 10.8261485  -0.77647059]
[ 7.85084811  8.64522571 -1.29411765]
[ 7.92494687  8.87326121 -0.70588235]
[ 7.30351091  8.22988207 -0.63529412]
[ 1.44825876 10.79485242  1.05882353]
[ 1.4474831  12.07798445 -0.49411765]
[ 1.54987953  5.04935655 -1.55294118]
[ 1.70103261 11.30122112 -0.61176471]
[ 1.84782627  3.68054054 -1.52941176]
[ 1.86929833 11.99805627 -0.25882353]
[ 2.03057722 12.15381229 -1.74117647]
[ 2.22369154 11.8979009  -1.6       ]
[-12.35335656  11.91946763  -0.54117647]
[ 6.1290401   9.02749041 -0.54117647]
[ 2.84947195 12.47398238 -0.23529412]
[ 3.34689306 11.3971155  -0.51764706]
[-12.34460408  10.59669656  -0.42352941]
[ 3.62342449 11.49555381 -0.30588235]
[ 3.97640619 12.14685387 -0.37647059]
[ 4.34619131 10.77197439 -0.42352941]
[ 4.35219287 11.07997598  0.02352941]
[ 4.3698221   9.09756518 -0.65882353]
[ 4.57129309 10.64761383  0.18823529]
[ 5.92123943  9.39969137 -0.42352941]
[ 2.49868972 12.47445535 -0.44705882]
